8.304067781899275857e-01 8.928277585450952181e-01
9.881839715176810035e-01 8.936763616370716479e-01
9.696886444838166419e-01 8.922408744707295281e-01
8.060696167279779445e-01 8.918448056903734988e-01
9.787723560775931642e-01 8.956032218113061383e-01
9.014768352157561671e-01 8.950503341363434950e-01
9.997466258337311951e-01 9.157205826238172808e-01
9.574269526754922710e-01 8.920561336228159943e-01
7.463163141442381576e-01 8.914104119637537016e-01
9.504539208155984298e-01 8.959587091301229878e-01
9.963407201383502887e-01 8.979978411698498197e-01
8.159717198568220420e-01 8.917701477594248693e-01
9.206375838144194024e-01 8.964759014513593582e-01
9.468179277105381875e-01 8.927487552152366668e-01
9.973639880717830586e-01 9.022079685804786919e-01
7.834188521523659521e-01 8.922344964404749224e-01
9.562425012769889543e-01 8.933245872175952229e-01
9.824877998325344253e-01 8.927843007849529666e-01
9.977204226073819182e-01 8.958700832443747819e-01
9.268431881593660604e-01 8.939077660808932846e-01
9.453361885865718683e-01 8.948968606604439380e-01
7.048742400026691834e-01 8.920661248240866481e-01
9.643064584745238976e-01 8.921494649689329925e-01
9.860263880232913447e-01 8.932458030909679048e-01
8.971129004370977933e-01 8.927621459250021374e-01
9.748583246959108273e-01 8.937506187320247708e-01
9.637689643359060865e-01 8.968208677428999298e-01
6.300876181411048105e-01 8.919612691046445718e-01
5.980651764856056429e-01 8.918688569078894179e-01
9.143016100755457787e-01 8.925718069700655510e-01
6.987402578544616993e-01 8.924153723459306020e-01
8.670623832572217360e-01 8.919208357853221081e-01
6.884225510098177514e-01 8.918501487078603907e-01
9.598702209765164195e-01 8.934382245917058540e-01
9.963142783089117271e-01 8.962520760484302684e-01
9.836266490805960494e-01 8.936373231994183541e-01
8.156288028151139624e-01 8.925490617547826577e-01
9.948251949051413190e-01 8.923186668991536230e-01
9.079498283620449639e-01 8.917663724521599500e-01
7.512047505078635057e-01 8.917141773689036821e-01
9.637591654194023194e-01 8.934156386216552947e-01
9.931747870848479653e-01 8.924049649303652521e-01
8.661312257677731274e-01 8.918175424662072581e-01
8.758832653249679634e-01 8.924483360918605834e-01
9.946460673369991179e-01 9.025871554993890600e-01
7.064941773985881079e-01 8.918370404045609101e-01
9.510544459445504639e-01 8.922858140636019675e-01
8.508672889631534453e-01 8.925636982077372883e-01
8.145441098813881453e-01 8.924088596092036862e-01
9.744958553529260437e-01 8.924548054344328962e-01
9.987795392880712830e-01 9.209239122541040823e-01
9.577229164546792184e-01 8.926996416153470948e-01
9.975780498526753970e-01 9.208170284590577737e-01
9.900058290362296898e-01 8.928065288039518377e-01
9.904547953932326676e-01 9.016393077252902177e-01
9.988632604289637840e-01 8.977766577852547281e-01
9.813327928896034003e-01 9.002057023721566908e-01
9.766661992883995946e-01 8.987246681733003228e-01
9.912335950911578264e-01 8.967645062165735537e-01
9.961753277335188006e-01 9.039444425071487821e-01
9.964170444195338261e-01 8.983853147403721984e-01
9.932213440298001128e-01 9.004934927657758381e-01
9.379047354148691840e-01 8.934958992866254279e-01
9.984748923871796800e-01 8.978879508351519378e-01
9.970817422640951833e-01 9.046579503696285940e-01
9.961077235845462452e-01 8.947397745779823719e-01
9.956899932902730788e-01 8.989061365028524486e-01
9.974842526976389623e-01 9.161018189539641421e-01
9.832167674035982019e-01 8.940560762991534016e-01
9.969087403009063708e-01 9.032949987413492199e-01
9.993782122663427137e-01 9.026010319420576522e-01
9.754252480887048993e-01 8.938569529315580908e-01
9.921591956497153308e-01 8.962407820281369508e-01
9.879155456109673938e-01 8.939697979135697858e-01
9.955356618429624938e-01 8.982790914280076588e-01
9.981089245621845851e-01 9.089582101512766465e-01
9.979767870480831249e-01 8.941001806245535422e-01
9.916713521454774138e-01 8.936964689765640735e-01
9.991119871331461955e-01 9.043833837687834665e-01
9.673625349510485139e-01 8.933580992600625992e-01
9.292118134843684318e-01 8.932311364206894089e-01
9.998469083803771529e-01 9.177425497118489872e-01
9.964104712820938126e-01 9.056007217454916658e-01
9.985166809196452942e-01 9.004442014723972321e-01
9.905758808344004018e-01 8.946753203976854918e-01
9.969934463181764350e-01 8.995544071736708558e-01
9.966826603051816003e-01 8.975643704299186565e-01
9.926106678652034665e-01 8.964336988498419201e-01
9.945658713613734214e-01 8.976329262494834316e-01
9.993146080852022273e-01 9.239001258385060034e-01
9.659772413076603836e-01 8.931170677312337824e-01
9.896088608687410026e-01 8.985588117374496697e-01
9.881347647945754042e-01 8.985328232751704780e-01
9.910086929002498435e-01 9.001578770380801453e-01
9.947506164551147556e-01 8.996052105406049382e-01
9.931434234124161264e-01 8.940353563062414244e-01
9.946648902600890851e-01 8.930276449278573558e-01
9.938446041599130476e-01 8.973479749972734787e-01
9.988528043885357421e-01 9.129979019313180233e-01
9.854383179166128492e-01 8.942760166263159505e-01
