8.921396971863735370e-01 9.396281661696564980e-01
9.239593147989452193e-01 8.635041977344294351e-01
9.013802019712829905e-01 8.934846377955454333e-01
8.990213807097107157e-01 8.978646858504428785e-01
9.895409057313799828e-01 9.907177653332430722e-01
9.902659239281180747e-01 9.841342169189655209e-01
9.417616238345334345e-01 9.398201203748062227e-01
6.218566215127426799e-01 7.608020752202446779e-01
9.292708041434534216e-01 9.264578532877747463e-01
9.277612035857630834e-01 9.104277043306046036e-01
8.841943909989675721e-01 9.382254927882468509e-01
9.130907324464582198e-01 8.785821093514022406e-01
9.814795358348932242e-01 9.810061073473732574e-01
8.700609026998075146e-01 8.941624341258104236e-01
9.746075736193018368e-01 9.886711426483513199e-01
8.809127976359957257e-01 7.538317512372849638e-01
9.539266979517599943e-01 9.172948879446941595e-01
8.499613800370623418e-01 9.471898203385800130e-01
9.387619113474082733e-01 9.316174455236163610e-01
8.608500552092359648e-01 8.573406731060791985e-01
9.135264337215341923e-01 8.996761627274040274e-01
8.962856897161547431e-01 9.492149019586041403e-01
8.799543921948780323e-01 9.140549085045613920e-01
8.230601898903641134e-01 8.479276321657316373e-01
9.435013210845213383e-01 9.045322893572451672e-01
9.442089420246948528e-01 9.038499056501397844e-01
9.636681523442535147e-01 9.276895339834834164e-01
9.224051930419182588e-01 8.341053192132159566e-01
9.015985888801197889e-01 8.686266544439408266e-01
8.926745354218263984e-01 8.973274814265066457e-01
9.580485669754577049e-01 9.453678175991211408e-01
9.836322383602860153e-01 9.282134572602120937e-01
9.272478630244576081e-01 7.628069210099251984e-01
9.328244692243110592e-01 9.010058688428593809e-01
8.686008281410886323e-01 8.704714525116121759e-01
9.208694430552690768e-01 9.523184558442533421e-01
9.431307962927681920e-01 9.513642708564928885e-01
9.283722447292332980e-01 9.446183283048528168e-01
8.771421983200642369e-01 9.009825861432659844e-01
8.005570426739176959e-01 7.158350081485950200e-01
9.308454309981333274e-01 9.251264453861267612e-01
8.234054532150358874e-01 8.980639203029330275e-01
9.336904203293817650e-01 9.098638762009307879e-01
9.484361906241370876e-01 9.336949534253412564e-01
8.578730500361458899e-01 9.009508599892523950e-01
9.463036801628712524e-01 9.008865127714450471e-01
9.478912955088187875e-01 9.135088045372909971e-01
8.107885209964945661e-01 8.324403376234972285e-01
8.517666122849874011e-01 9.421240175425099617e-01
9.093309983496762339e-01 9.122570925063132607e-01
9.898779092166873905e-01 9.877540567953940753e-01
9.780682172283184928e-01 9.726874880663556322e-01
9.831938599793688116e-01 9.723206584793999685e-01
9.767210211940646758e-01 9.883430118385598817e-01
9.549811356853727951e-01 9.746572863911806550e-01
9.742350765030238779e-01 9.882536204077770892e-01
9.747866829936322475e-01 9.935521845713465305e-01
9.588261668064227417e-01 9.803349365577833652e-01
9.746628649837162373e-01 9.648761933410208158e-01
9.942254483893604444e-01 9.865535035516163065e-01
9.821786289291807304e-01 9.891558557933938234e-01
9.656285313428476513e-01 9.358780051712379811e-01
9.935056501179585497e-01 9.939752244542228166e-01
9.662492629828937085e-01 9.766015043961141506e-01
9.330934297343057571e-01 9.773639775726692402e-01
9.952699679670456989e-01 9.924559124005821742e-01
9.899318341624551154e-01 9.916503763504437297e-01
9.852550889095481601e-01 9.736045520013715260e-01
9.889642364958821652e-01 9.833402575624168307e-01
9.278411380728904811e-01 9.702572271035890816e-01
9.717728033809135413e-01 9.649280415690665302e-01
9.663095864780822941e-01 9.473560157709872698e-01
9.681011065015660000e-01 9.080489608395837520e-01
9.955806205375660189e-01 9.940733963785590710e-01
9.120515481209413577e-01 9.500553950791164048e-01
9.775206996944033611e-01 9.866098981641309162e-01
9.849010760892817906e-01 9.762168850686432364e-01
9.777332728957943697e-01 9.715745414608712993e-01
8.674619085233712390e-01 8.866158637810419574e-01
9.747845061642962383e-01 9.795706058586955978e-01
9.608322252566138255e-01 9.864270103923578059e-01
9.855312223665535498e-01 9.856700582493932439e-01
9.810746738249429555e-01 9.894710082738791268e-01
9.908454797317645113e-01 9.928372270634060470e-01
9.849269541250074145e-01 9.659824748417130680e-01
9.927427523003721221e-01 9.889014298564980932e-01
9.972272130803595536e-01 9.973202581025005786e-01
9.590862297910172085e-01 9.433519748138996519e-01
9.951491664452475350e-01 9.931958988779636677e-01
9.818931361519919188e-01 9.894933223108512976e-01
9.733087693228957837e-01 9.776434661730548648e-01
9.549512598340893499e-01 9.627984043199977471e-01
9.459459291447399609e-01 9.771445850885801532e-01
9.895429365701867708e-01 9.737467836850710601e-01
9.179982312036248926e-01 9.339412220519500707e-01
9.889579927516773949e-01 9.916049043578513134e-01
9.870519142674655244e-01 9.840493240468001224e-01
9.767655961679807541e-01 9.652491373331786306e-01
9.885733618621413976e-01 9.690400402761675247e-01
9.936160421757219696e-01 9.942804329151562204e-01
