3.247235000514294145e-01
2.034632711560107055e-01
2.327301510642705296e-01
2.827668537285817352e-01
2.576169853915171726e-01
3.136780442621250886e-01
2.551832430158708642e-01
1.050119971277376496e-01
3.209307338899761719e-01
2.140499984204879691e-01
2.334973425902260313e-01
2.203273175313051058e-01
2.083850613207030023e-01
2.505962022063321637e-01
1.920851327253409457e-01
3.850002431116339441e-01
1.477854163060969839e-01
2.489527203792145094e-01
2.618922367509838312e-01
1.598835652732358004e-01
1.827198617037179840e-01
3.241815559921022993e-01
2.594689076825897334e-01
2.258538160295927300e-01
1.359844388166921991e-01
1.823933193621771476e-01
2.095897383361848554e-01
3.348539848187749857e-01
1.494689626824543260e-01
3.033849147215544884e-01
2.226011458572881574e-01
1.351957971567790406e-01
1.101222585587777053e-01
1.694016755890716264e-01
3.369609249078049928e-01
2.249884045511782171e-01
2.937465089012898378e-01
2.627224529537663389e-01
1.645769794366473415e-01
1.981783178433806358e-01
2.267097088451838494e-01
1.944750528192779881e-01
1.389070768517520482e-01
2.577264918768122359e-01
2.881047991198826264e-01
2.566443553245009723e-01
1.826402938474371018e-01
1.486437495073549275e-01
2.172493336971101363e-01
3.922302892886789794e-01
2.054760671062741129e-01
2.255443210514251895e-01
2.153755718333123514e-01
2.945797806734864466e-01
1.679481842178575102e-01
1.236752202037177395e-01
2.462340265610931944e-01
2.034065857870689942e-01
2.732822331928010939e-01
2.497651412078299993e-01
1.464778202242897898e-01
1.592566097367185407e-01
1.069197196143321232e-01
3.478438704049069963e-01
3.206321344774762383e-01
3.369687629134116569e-01
3.319885289757344982e-01
2.860725298970671071e-01
3.256418827954010164e-01
3.318588280909721688e-01
3.561010688562827320e-01
3.200462379214948916e-01
3.334075079821244847e-01
3.359143724091434580e-01
3.528076418517125390e-01
3.336560110904106535e-01
3.317595354727840840e-01
3.065954533304187102e-01
2.891508026146163424e-01
3.030273748957504898e-01
3.153655824379051342e-01
3.593877400155100488e-01
3.239004409916408922e-01
3.315241205269117142e-01
2.933979932589559914e-01
3.346666283477826576e-01
2.808039134946213045e-01
3.268144564768951654e-01
3.255469871840087071e-01
3.431070243721449642e-01
3.388941508669273128e-01
3.184053344313780842e-01
3.226048923132912583e-01
3.179739493637928627e-01
3.385324585639666872e-01
3.019863160029279681e-01
3.160246200271733530e-01
3.113481032362085399e-01
2.743045316720683080e-01
3.228666395168625636e-01
3.333299207215812965e-01
3.353987157164446398e-01
3.262036667432534065e-01
3.229052627556629473e-01
2.996632342823968287e-01
3.171190800747703542e-01
3.414745203774458004e-01
3.214302399239488128e-01
3.292543075493610805e-01
2.926895502858314901e-01
3.181274202863561551e-01
2.919660642956186658e-01
3.467421112375122516e-01
3.010253853592237405e-01
3.150363912019654711e-01
3.600996854946084125e-01
3.542096356600247797e-01
3.377222451225094790e-01
3.148459805943208401e-01
3.284984064178035346e-01
3.324466086244007301e-01
3.048466406664657735e-01
3.258505970797253570e-01
2.980721631207741695e-01
3.320889533925993620e-01
2.980249700640280053e-01
