1.675945039139657422e-01
1.676680188839606289e-01
1.677415596028727918e-01
1.678151260740200768e-01
1.678887183007153894e-01
1.679623362862668057e-01
1.680359800339776832e-01
1.681096495471464114e-01
1.681833448290664945e-01
1.682570658830268573e-01
1.683308127123111786e-01
1.684045853201986409e-01
1.684783837099633197e-01
1.685522078848744609e-01
1.686260578481965366e-01
1.686999336031890506e-01
1.687738351531066217e-01
1.688477625011991223e-01
1.689217156507111794e-01
1.689956946048830067e-01
1.690696993669494330e-01
1.691437299401407912e-01
1.692177863276821959e-01
1.692918685327939876e-01
1.693659765586915944e-01
1.694401104085854204e-01
1.695142700856810125e-01
1.695884555931789772e-01
1.696626669342749250e-01
1.697369041121596089e-01
1.698111671300187031e-01
1.698854559910330242e-01
1.699597706983784762e-01
1.700341112552258005e-01
1.701084776647409647e-01
1.701828699300848013e-01
1.702572880544133138e-01
1.703317320408774538e-01
1.704062018926230659e-01
1.704806976127912488e-01
1.705552192045178272e-01
1.706297666709337968e-01
1.707043400151651846e-01
1.707789392403327722e-01
1.708535643495525391e-01
1.709282153459353304e-01
1.710028922325870226e-01
1.710775950126084410e-01
1.711523236890953037e-01
1.712270782651384160e-01
1.713018587438233653e-01
1.713766651282307985e-01
1.714514974214363663e-01
1.715263556265105016e-01
1.716012397465186412e-01
1.716761497845211148e-01
1.717510857435732841e-01
1.718260476267252645e-01
1.719010354370222593e-01
1.719760491775042255e-01
1.720510888512060410e-01
1.721261544611575878e-01
1.722012460103835574e-01
1.722763635019035899e-01
1.723515069387321075e-01
1.724266763238784528e-01
1.725018716603469171e-01
1.725770929511365459e-01
1.726523401992413609e-01
1.727276134076501657e-01
1.728029125793465737e-01
1.728782377173091744e-01
1.729535888245113395e-01
1.730289659039212224e-01
1.731043689585019807e-01
1.731797979912113317e-01
1.732552530050020245e-01
1.733307340028216459e-01
1.734062409876124256e-01
1.734817739623116528e-01
1.735573329298510659e-01
1.736329178931575179e-01
1.737085288551526163e-01
1.737841658187525562e-01
1.738598287868686199e-01
1.739355177624065663e-01
1.740112327482670473e-01
1.740869737473456913e-01
1.741627407625324642e-01
1.742385337967126413e-01
1.743143528527656971e-01
1.743901979335661656e-01
1.744660690419833904e-01
1.745419661808811640e-01
1.746178893531183940e-01
1.746938385615483813e-01
1.747698138090192921e-01
1.748458150983741299e-01
1.749218424324503751e-01
1.749978958140804564e-01
1.750739752460913345e-01
1.751500807313047248e-01
1.752262122725371241e-01
1.753023698725995894e-01
1.753785535342980151e-01
1.754547632604328000e-01
1.755309990537991804e-01
1.756072609171870080e-01
1.756835488533807499e-01
1.757598628651596273e-01
1.758362029552974493e-01
1.759125691265627789e-01
1.759889613817187115e-01
1.760653797235230134e-01
1.761418241547281771e-01
1.762182946780811998e-01
1.762947912963238328e-01
1.763713140121923595e-01
1.764478628284177064e-01
1.765244377477254989e-01
1.766010387728358111e-01
1.766776659064634991e-01
1.767543191513179235e-01
1.768309985101029491e-01
1.769077039855172784e-01
1.769844355802539793e-01
1.770611932970007907e-01
1.771379771384400115e-01
1.772147871072485004e-01
1.772916232060977870e-01
1.773684854376537390e-01
1.774453738045770335e-01
1.775222883095227688e-01
1.775992289551405479e-01
1.776761957440746165e-01
1.777531886789636695e-01
1.778302077624410171e-01
1.779072529971345296e-01
1.779843243856663870e-01
1.780614219306535517e-01
1.781385456347072682e-01
1.782156955004334797e-01
1.782928715304325784e-01
1.783700737272993497e-01
1.784473020936232501e-01
1.785245566319879906e-01
1.786018373449719809e-01
1.786791442351481352e-01
1.787564773050835387e-01
1.788338365573400868e-01
1.789112219944739290e-01
1.789886336190357197e-01
1.790660714335707560e-01
1.791435354406184233e-01
1.792210256427128889e-01
1.792985420423824916e-01
1.793760846421502131e-01
1.794536534445334286e-01
1.795312484520438789e-01
1.796088696671876428e-01
1.796865170924653865e-01
1.797641907303720865e-01
1.798418905833972792e-01
1.799196166540245889e-01
1.799973689447324221e-01
1.800751474579931621e-01
1.801529521962739466e-01
1.802307831620361123e-01
1.803086403577354169e-01
1.803865237858219284e-01
1.804644334487401358e-01
1.805423693489289216e-01
1.806203314888214784e-01
1.806983198708453364e-01
1.807763344974224751e-01
1.808543753709690449e-01
1.809324424938956177e-01
1.810105358686072141e-01
1.810886554975029705e-01
1.811668013829765833e-01
1.812449735274157814e-01
1.813231719332028258e-01
1.814013966027142877e-01
1.814796475383208540e-01
1.815579247423877718e-01
1.816362282172743481e-01
1.817145579653342558e-01
1.817929139889155610e-01
1.818712962903603902e-01
1.819497048720054022e-01
1.820281397361813713e-01
1.821066008852132989e-01
1.821850883214205241e-01
1.822636020471166407e-01
1.823421420646094693e-01
1.824207083762011128e-01
1.824993009841878178e-01
1.825779198908601408e-01
1.826565650985028932e-01
1.827352366093951408e-01
1.828139344258099541e-01
1.828926585500148527e-01
1.829714089842715552e-01
1.830501857308357572e-01
1.831289887919576864e-01
1.832078181698814645e-01
1.832866738668456064e-01
1.833655558850827150e-01
1.834444642268196202e-01
1.835233988942772954e-01
1.836023598896709408e-01
1.836813472152097892e-01
1.837603608730974669e-01
1.838394008655315215e-01
1.839184671947037830e-01
1.839975598628001974e-01
1.840766788720008817e-01
1.841558242244800414e-01
1.842349959224059974e-01
1.843141939679412977e-01
1.843934183632425228e-01
1.844726691104604799e-01
1.845519462117398979e-01
1.846312496692197880e-01
1.847105794850332217e-01
1.847899356613072752e-01
1.848693182001633073e-01
1.849487271037166258e-01
1.850281623740765991e-01
1.851076240133467665e-01
1.851871120236246726e-01
1.852666264070020052e-01
1.853461671655645127e-01
1.854257343013918369e-01
1.855053278165579855e-01
1.855849477131306102e-01
1.856645939931718392e-01
1.857442666587375835e-01
1.858239657118776755e-01
1.859036911546364246e-01
1.859834429890515894e-01
1.860632212171554334e-01
1.861430258409740579e-01
1.862228568625274860e-01
1.863027142838298289e-01
1.863825981068892024e-01
1.864625083337077271e-01
1.865424449662815842e-01
1.866224080066007096e-01
1.867023974566492384e-01
1.867824133184051993e-01
1.868624555938405984e-01
1.869425242849215296e-01
1.870226193936078141e-01
1.871027409218534165e-01
1.871828888716061123e-01
1.872630632448078203e-01
1.873432640433942420e-01
1.874234912692950561e-01
1.875037449244338905e-01
1.875840250107282670e-01
1.876643315300896842e-01
1.877446644844235624e-01
1.878250238756291324e-01
1.879054097055997130e-01
1.879858219762222948e-01
1.880662606893779842e-01
1.881467258469417259e-01
1.882272174507822471e-01
1.883077355027622801e-01
1.883882800047382844e-01
1.884688509585608629e-01
1.885494483660742626e-01
1.886300722291165965e-01
1.887107225495200657e-01
1.887913993291103765e-01
1.888721025697074063e-01
1.889528322731247045e-01
1.890335884411696588e-01
1.891143710756436891e-01
1.891951801783416931e-01
1.892760157510527119e-01
1.893568777955594862e-01
1.894377663136385670e-01
1.895186813070604270e-01
1.895996227775890997e-01
1.896805907269826230e-01
1.897615851569928458e-01
1.898426060693652606e-01
1.899236534658393649e-01
1.900047273481481613e-01
1.900858277180186295e-01
1.901669545771715319e-01
1.902481079273212472e-01
1.903292877701760755e-01
1.904104941074379886e-01
1.904917269408026859e-01
1.905729862719597878e-01
1.906542721025923925e-01
1.907355844343775753e-01
1.908169232689859995e-01
1.908982886080821395e-01
1.909796804533241410e-01
1.910610988063639326e-01
1.911425436688470869e-01
1.912240150424129315e-01
1.913055129286944100e-01
1.913870373293184435e-01
1.914685882459052080e-01
1.915501656800690511e-01
1.916317696334175757e-01
1.917134001075523064e-01
1.917950571040684948e-01
1.918767406245548146e-01
1.919584506705938887e-01
1.920401872437618174e-01
1.921219503456284006e-01
1.922037399777571653e-01
1.922855561417051440e-01
1.923673988390231515e-01
1.924492680712555359e-01
1.925311638399403724e-01
1.926130861466092969e-01
1.926950349927875616e-01
1.927770103799941181e-01
1.928590123097414233e-01
1.929410407835356334e-01
1.930230958028764654e-01
1.931051773692571971e-01
1.931872854841648612e-01
1.932694201490798847e-01
1.933515813654763660e-01
1.934337691348220201e-01
1.935159834585780392e-01
1.935982243381993151e-01
1.936804917751341615e-01
1.937627857708245360e-01
1.938451063267060959e-01
1.939274534442076703e-01
1.940098271247520101e-01
1.940922273697551492e-01
1.941746541806269044e-01
1.942571075587704033e-01
1.943395875055823896e-01
1.944220940224531402e-01
1.945046271107664093e-01
1.945871867718995951e-01
1.946697730072233790e-01
1.947523858181020862e-01
1.948350252058936027e-01
1.949176911719491256e-01
1.950003837176135235e-01
1.950831028442250314e-01
1.951658485531153897e-01
1.952486208456098715e-01
1.953314197230270888e-01
1.954142451866792973e-01
1.954970972378720362e-01
1.955799758779044606e-01
1.956628811080690089e-01
1.957458129296517357e-01
1.958287713439320066e-01
1.959117563521826644e-01
1.959947679556700573e-01
1.960778061556538721e-01
1.961608709533871620e-01
1.962439623501165686e-01
1.963270803470819614e-01
1.964102249455168259e-01
1.964933961466478474e-01
1.965765939516951610e-01
1.966598183618724349e-01
1.967430693783865370e-01
1.968263470024377848e-01
1.969096512352200568e-01
1.969929820779202367e-01
1.970763395317189082e-01
1.971597235977897711e-01
1.972431342773001139e-01
1.973265715714105362e-01
1.974100354812746982e-01
1.974935260080400712e-01
1.975770431528470761e-01
1.976605869168295837e-01
1.977441573011151088e-01
1.978277543068238387e-01
1.979113779350699653e-01
1.979950281869604922e-01
1.980787050635960389e-01
1.981624085660705081e-01
1.982461386954708360e-01
1.983298954528775748e-01
1.984136788393643935e-01
1.984974888559982997e-01
1.985813255038396952e-01
1.986651887839419872e-01
1.987490786973521162e-01
1.988329952451101390e-01
1.989169384282494513e-01
1.990009082477967595e-01
1.990849047047718867e-01
1.991689278001879670e-01
1.992529775350514176e-01
1.993370539103618277e-01
1.994211569271121809e-01
1.995052865862884939e-01
1.995894428888700667e-01
1.996736258358294269e-01
1.997578354281323854e-01
1.998420716667379526e-01
1.999263345525982560e-01
2.000106240866587337e-01
2.000949402698579127e-01
2.001792831031275477e-01
2.002636525873927598e-01
2.003480487235715091e-01
2.004324715125753442e-01
2.005169209553085141e-01
2.006013970526688561e-01
2.006858998055472409e-01
2.007704292148275449e-01
2.008549852813870662e-01
2.009395680060959699e-01
2.010241773898177875e-01
2.011088134334091393e-01
2.011934761377197345e-01
2.012781655035924266e-01
2.013628815318632137e-01
2.014476242233611825e-01
2.015323935789086751e-01
2.016171895993209284e-01
2.017020122854064346e-01
2.017868616379667468e-01
2.018717376577965350e-01
2.019566403456835857e-01
2.020415697024086910e-01
2.021265257287457873e-01
2.022115084254619277e-01
2.022965177933171432e-01
2.023815538330646924e-01
2.024666165454506450e-01
2.025517059312143819e-01
2.026368219910882340e-01
2.027219647257975932e-01
2.028071341360608848e-01
2.028923302225896230e-01
2.029775529860883276e-01
2.030628024272545518e-01
2.031480785467788541e-01
2.032333813453448823e-01
2.033187108236292062e-01
2.034040669823015679e-01
2.034894498220245207e-01
2.035748593434537346e-01
2.036602955472380794e-01
2.037457584340188199e-01
2.038312480044310038e-01
2.039167642591019625e-01
2.040023071986525327e-01
2.040878768236961682e-01
2.041734731348394671e-01
2.042590961326820609e-01
2.043447458178163090e-01
2.044304221908277708e-01
2.045161252522948447e-01
2.046018550027888239e-01
2.046876114428741178e-01
2.047733945731078364e-01
2.048592043940403451e-01
2.049450409062145984e-01
2.050309041101667507e-01
2.051167940064256567e-01
2.052027105955132880e-01
2.052886538779443160e-01
2.053746238542266400e-01
2.054606205248606932e-01
2.055466438903400528e-01
2.056326939511510521e-01
2.057187707077730021e-01
2.058048741606782195e-01
2.058910043103314713e-01
2.059771611571908911e-01
2.060633447017070907e-01
2.061495549443239372e-01
2.062357918854779149e-01
2.063220555255982636e-01
2.064083458651073677e-01
2.064946629044201454e-01
2.065810066439446313e-01
2.066673770840816438e-01
2.067537742252246180e-01
2.068401980677600782e-01
2.069266486120671655e-01
2.070131258585181100e-01
2.070996298074776754e-01
2.071861604593036310e-01
2.072727178143463911e-01
2.073593018729492921e-01
2.074459126354484262e-01
2.075325501021727248e-01
2.076192142734437918e-01
2.077059051495761532e-01
2.077926227308769525e-01
2.078793670176462549e-01
2.079661380101769375e-01
2.080529357087543829e-01
2.081397601136570630e-01
2.082266112251558166e-01
2.083134890435146547e-01
2.084003935689900944e-01
2.084873248018314085e-01
2.085742827422805978e-01
2.086612673905724469e-01
2.087482787469344681e-01
2.088353168115869851e-01
2.089223815847427723e-01
2.090094730666075540e-01
2.090965912573796992e-01
2.091837361572502219e-01
2.092709077664030304e-01
2.093581060850144282e-01
2.094453311132537798e-01
2.095325828512826505e-01
2.096198612992557220e-01
2.097071664573202376e-01
2.097944983256159746e-01
2.098818569042756599e-01
2.099692421934242492e-01
2.100566541931797315e-01
2.101440929036527683e-01
2.102315583249462216e-01
2.103190504571562924e-01
2.104065693003711324e-01
2.104941148546720098e-01
2.105816871201326435e-01
2.106692860968192860e-01
2.107569117847910289e-01
2.108445641840994700e-01
2.109322432947887127e-01
2.110199491168957553e-01
2.111076816504499354e-01
2.111954408954733187e-01
2.112832268519804213e-01
2.113710395199786263e-01
2.114588788994676838e-01
2.115467449904399055e-01
2.116346377928804146e-01
2.117225573067666178e-01
2.118105035320686502e-01
2.118984764687492639e-01
2.119864761167635780e-01
2.120745024760595510e-01
2.121625555465773694e-01
2.122506353282499481e-01
2.123387418210028188e-01
2.124268750247537696e-01
2.125150349394135385e-01
2.126032215648850088e-01
2.126914349010637639e-01
2.127796749478378935e-01
2.128679417050879374e-01
2.129562351726871361e-01
2.130445553505008749e-01
2.131329022383874339e-01
2.132212758361974048e-01
2.133096761437738020e-01
2.133981031609523682e-01
2.134865568875609632e-01
2.135750373234203692e-01
2.136635444683434304e-01
2.137520783221356913e-01
2.138406388845951744e-01
2.139292261555122421e-01
2.140178401346698733e-01
2.141064808218433035e-01
2.141951482168002741e-01
2.142838423193011432e-01
2.143725631290985256e-01
2.144613106459374863e-01
2.145500848695557350e-01
2.146388857996829325e-01
2.147277134360416617e-01
2.148165677783466510e-01
2.149054488263051343e-01
2.149943565796168243e-01
2.150832910379735508e-01
2.151722522010598992e-01
2.152612400685525729e-01
2.153502546401208362e-01
2.154392959154263487e-01
2.155283638941229707e-01
2.156174585758571238e-01
2.157065799602674860e-01
2.157957280469851302e-01
2.158849028356336908e-01
2.159741043258289195e-01
2.160633325171788521e-01
2.161525874092840860e-01
2.162418690017374745e-01
2.163311772941244604e-01
2.164205122860222152e-01
2.165098739770009717e-01
2.165992623666226635e-01
2.166886774544420080e-01
2.167781192400058954e-01
2.168675877228534166e-01
2.169570829025160574e-01
2.170466047785176711e-01
2.171361533503742558e-01
2.172257286175943158e-01
2.173153305796785284e-01
2.174049592361198546e-01
2.174946145864035119e-01
2.175842966300071124e-01
2.176740053664004415e-01
2.177637407950457071e-01
2.178535029153971514e-01
2.179432917269013836e-01
2.180331072289974359e-01
2.181229494211163189e-01
2.182128183026814938e-01
2.183027138731086225e-01
2.183926361318054843e-01
2.184825850781722811e-01
2.185725607116013325e-01
2.186625630314772972e-01
2.187525920371769517e-01
2.188426477280692173e-01
2.189327301035154938e-01
2.190228391628690763e-01
2.191129749054757658e-01
2.192031373306734254e-01
2.192933264377920077e-01
2.193835422261538881e-01
2.194737846950733651e-01
2.195640538438572709e-01
2.196543496718043331e-01
2.197446721782055079e-01
2.198350213623440352e-01
2.199253972234951615e-01
2.200157997609264449e-01
2.201062289738975331e-01
2.201966848616603023e-01
2.202871674234586630e-01
2.203776766585286706e-01
2.204682125660986924e-01
2.205587751453891021e-01
2.206493643956123907e-01
2.207399803159733054e-01
2.208306229056685166e-01
2.209212921638869231e-01
2.210119880898097355e-01
2.211027106826099764e-01
2.211934599414528690e-01
2.212842358654957542e-01
2.213750384538881733e-01
2.214658677057716463e-01
2.215567236202798385e-01
2.216476061965383659e-01
2.217385154336651565e-01
2.218294513307700888e-01
2.219204138869550758e-01
2.220114031013142586e-01
2.221024189729336462e-01
2.221934615008914204e-01
2.222845306842578250e-01
2.223756265220951656e-01
2.224667490134577263e-01
2.225578981573919646e-01
2.226490739529362051e-01
2.227402763991208900e-01
2.228315054949686347e-01
2.229227612394938107e-01
2.230140436317031016e-01
2.231053526705948920e-01
2.231966883551599057e-01
2.232880506843807067e-01
2.233794396572317542e-01
2.234708552726798747e-01
2.235622975296835402e-01
2.236537664271932846e-01
2.237452619641518148e-01
2.238367841394936497e-01
2.239283329521453703e-01
2.240199084010254527e-01
2.241115104850444073e-01
2.242031392031048065e-01
2.242947945541010346e-01
2.243864765369194825e-01
2.244781851504386028e-01
2.245699203935285215e-01
2.246616822650517042e-01
2.247534707638622065e-01
2.248452858888063399e-01
2.249371276387221175e-01
2.250289960124395305e-01
2.251208910087805770e-01
2.252128126265590946e-01
2.253047608645809274e-01
2.253967357216437595e-01
2.254887371965372533e-01
2.255807652880428837e-01
2.256728199949341873e-01
2.257649013159763740e-01
2.258570092499267434e-01
2.259491437955345183e-01
2.260413049515405670e-01
2.261334927166777919e-01
2.262257070896711297e-01
2.263179480692370238e-01
2.264102156540841182e-01
2.265025098429128414e-01
2.265948306344153507e-01
2.266871780272758374e-01
2.267795520201701942e-01
2.268719526117663199e-01
2.269643798007238422e-01
2.270568335856942566e-01
2.271493139653209536e-01
2.272418209382390808e-01
2.273343545030756530e-01
2.274269146584496082e-01
2.275195014029714191e-01
2.276121147352437868e-01
2.277047546538608358e-01
2.277974211574087249e-01
2.278901142444653971e-01
2.279828339136005522e-01
2.280755801633757018e-01
2.281683529923441422e-01
2.282611523990510094e-01
2.283539783820331681e-01
2.284468309398192953e-01
2.285397100709298523e-01
2.286326157738769738e-01
2.287255480471647173e-01
2.288185068892888696e-01
2.289114922987369183e-01
2.290045042739881354e-01
2.290975428135135494e-01
2.291906079157759180e-01
2.292836995792298660e-01
2.293768178023215809e-01
2.294699625834890899e-01
2.295631339211621214e-01
2.296563318137621601e-01
2.297495562597025032e-01
2.298428072573879266e-01
2.299360848052152129e-01
2.300293889015724569e-01
2.301227195448400098e-01
2.302160767333895908e-01
2.303094604655845923e-01
2.304028707397802744e-01
2.304963075543234319e-01
2.305897709075525881e-01
2.306832607977981342e-01
2.307767772233819681e-01
2.308703201826176332e-01
2.309638896738104019e-01
2.310574856952572753e-01
2.311511082452468724e-01
2.312447573220594854e-01
2.313384329239671910e-01
2.314321350492333507e-01
2.315258636961132488e-01
2.316196188628540098e-01
2.317134005476939596e-01
2.318072087488634858e-01
2.319010434645841778e-01
2.319949046930696590e-01
2.320887924325249485e-01
2.321827066811467943e-01
2.322766474371235068e-01
2.323706146986349308e-01
2.324646084638528065e-01
2.325586287309402422e-01
2.326526754980519085e-01
2.327467487633343435e-01
2.328408485249253701e-01
2.329349747809546234e-01
2.330291275295432452e-01
2.331233067688039673e-01
2.332175124968412505e-01
2.333117447117507570e-01
2.334060034116200999e-01
2.335002885945283435e-01
2.335946002585460313e-01
2.336889384017354077e-01
2.337833030221501962e-01
2.338776941178356272e-01
2.339721116868286321e-01
2.340665557271575103e-01
2.341610262368422346e-01
2.342555232138944232e-01
2.343500466563168128e-01
2.344445965621041461e-01
2.345391729292424232e-01
2.346337757557092341e-01
2.347284050394737032e-01
2.348230607784965451e-01
2.349177429707298703e-01
2.350124516141172404e-01
2.351071867065940013e-01
2.352019482460866451e-01
2.352967362305134202e-01
2.353915506577839989e-01
2.354863915257995322e-01
2.355812588324526224e-01
2.356761525756274067e-01
2.357710727531995565e-01
2.358660193630360835e-01
2.359609924029955064e-01
2.360559918709279614e-01
2.361510177646748143e-01
2.362460700820690485e-01
2.363411488209352651e-01
2.364362539790889617e-01
2.365313855543376975e-01
2.366265435444800946e-01
2.367217279473065039e-01
2.368169387605985610e-01
2.369121759821291029e-01
2.370074396096628622e-01
2.371027296409556617e-01
2.371980460737549423e-01
2.372933889057994850e-01
2.373887581348193554e-01
2.374841537585362927e-01
2.375795757746632375e-01
2.376750241809045816e-01
2.377704989749563624e-01
2.378660001545055691e-01
2.379615277172309751e-01
2.380570816608024165e-01
2.381526619828814306e-01
2.382482686811208117e-01
2.383439017531646664e-01
2.384395611966485529e-01
2.385352470091993138e-01
2.386309591884353265e-01
2.387266977319663086e-01
2.388224626373930959e-01
2.389182539023081697e-01
2.390140715242951297e-01
2.391099155009292210e-01
2.392057858297768347e-01
2.393016825083956467e-01
2.393976055343348674e-01
2.394935549051348256e-01
2.395895306183274398e-01
2.396855326714357470e-01
2.397815610619741800e-01
2.398776157874485671e-01
2.399736968453558550e-01
2.400698042331844695e-01
2.401659379484142598e-01
2.402620979885161934e-01
2.403582843509524669e-01
2.404544970331768117e-01
2.405507360326340771e-01
2.406470013467605640e-01
2.407432929729837467e-01
2.408396109087224402e-01
2.409359551513866327e-01
2.410323256983777362e-01
2.411287225470884199e-01
2.412251456949025818e-01
2.413215951391954328e-01
2.414180708773333017e-01
2.415145729066739411e-01
2.416111012245663603e-01
2.417076558283507703e-01
2.418042367153587224e-01
2.419008438829127750e-01
2.419974773283269376e-01
2.420941370489065880e-01
2.421908230419479169e-01
2.422875353047388991e-01
2.423842738345582115e-01
2.424810386286760933e-01
2.425778296843539572e-01
2.426746469988443067e-01
2.427714905693910685e-01
2.428683603932290658e-01
2.429652564675846838e-01
2.430621787896754260e-01
2.431591273567097755e-01
2.432561021658876665e-01
2.433531032144002348e-01
2.434501304994294568e-01
2.435471840181490377e-01
2.436442637677233847e-01
2.437413697453085226e-01
2.438385019480511506e-01
2.439356603730896411e-01
2.440328450175532904e-01
2.441300558785624852e-01
2.442272929532290360e-01
2.443245562386557046e-01
2.444218457319364268e-01
2.445191614301564509e-01
2.446165033303920044e-01
2.447138714297105999e-01
2.448112657251707291e-01
2.449086862138223075e-01
2.450061328927060356e-01
2.451036057588539541e-01
2.452011048092893608e-01
2.452986300410263942e-01
2.453961814510705053e-01
2.454937590364181799e-01
2.455913627940571331e-01
2.456889927209660873e-01
2.457866488141149663e-01
2.458843310704647012e-01
2.459820394869673965e-01
2.460797740605663031e-01
2.461775347881956233e-01
2.462753216667808720e-01
2.463731346932384880e-01
2.464709738644760006e-01
2.465688391773921406e-01
2.466667306288766737e-01
2.467646482158103449e-01
2.468625919350651288e-01
2.469605617835039790e-01
2.470585577579809400e-01
2.471565798553412019e-01
2.472546280724208789e-01
2.473527024060472868e-01
2.474508028530386095e-01
2.475489294102043436e-01
2.476470820743447987e-01
2.477452608422514024e-01
2.478434657107068395e-01
2.479416966764844965e-01
2.480399537363489615e-01
2.481382368870559962e-01
2.482365461253520089e-01
2.483348814479748312e-01
2.484332428516532465e-01
2.485316303331068788e-01
2.486300438890464426e-01
2.487284835161737429e-01
2.488269492111815917e-01
2.489254409707537252e-01
2.490239587915649422e-01
2.491225026702810763e-01
2.492210726035588575e-01
2.493196685880462171e-01
2.494182906203817884e-01
2.495169386971955172e-01
2.496156128151080233e-01
2.497143129707310727e-01
2.498130391606673828e-01
2.499117913815109004e-01
2.500105696298460800e-01
2.501093739022486329e-01
2.502082041952851665e-01
2.503070605055133235e-01
2.504059428294817535e-01
2.505048511637297248e-01
2.506037855047881235e-01
2.507027458491778993e-01
2.508017321934117305e-01
2.509007445339929698e-01
2.509997828674157550e-01
2.510988471901654528e-01
2.511979374987179936e-01
2.512970537895406475e-01
2.513961960590914146e-01
2.514953643038192466e-01
2.515945585201640466e-01
2.516937787045565589e-01
2.517930248534184789e-01
2.518922969631625652e-01
2.519915950301923058e-01
2.520909190509021958e-01
2.521902690216775711e-01
2.522896449388946638e-01
2.523890467989208797e-01
2.524884745981140211e-01
2.525879283328233416e-01
2.526874079993885469e-01
2.527869135941403500e-01
2.528864451134005820e-01
2.529860025534816370e-01
2.530855859106870276e-01
2.531851951813110513e-01
2.532848303616387353e-01
2.533844914479463917e-01
2.534841784365006734e-01
2.535838913235594627e-01
2.536836301053715381e-01
2.537833947781761856e-01
2.538831853382039205e-01
2.539830017816759322e-01
2.540828441048043063e-01
2.541827123037919134e-01
