4.661020747650054337e-08
4.772604391846694525e-08
4.886859319806665565e-08
5.003849481370356375e-08
5.123640357320513771e-08
5.246298996032401205e-08
5.371894051001715261e-08
5.500495819270636980e-08
5.632176280773881413e-08
5.767009138626758316e-08
5.905069860377519644e-08
6.046435720247481126e-08
6.191185842382245751e-08
6.339401245138385323e-08
6.491164886430318090e-08
6.646561710162760335e-08
6.805678693774901437e-08
6.968604896922403577e-08
7.135431511325298628e-08
7.306251911808990505e-08
7.481161708567053570e-08
7.660258800675411049e-08
7.843643430887513133e-08
8.031418241741308392e-08
8.223688333009395035e-08
8.420561320524523387e-08
8.622147396413358148e-08
8.828559390772204384e-08
9.039912834819223126e-08
9.256326025558629892e-08
9.477920091992652691e-08
9.704819062918738663e-08
9.937149936349982890e-08
1.017504275059709836e-07
1.041863065705244967e-07
1.066804999471608012e-07
1.092344036650625200e-07
1.118494471739664637e-07
1.145270941442414132e-07
1.172688432861213792e-07
1.200762291885474756e-07
1.229508231780940440e-07
1.258942341984576266e-07
1.289081097109975008e-07
1.319941366168399392e-07
1.351540422010509601e-07
1.383895950994172335e-07
1.417026062883694372e-07
1.450949300986038208e-07
1.485684652529713958e-07
1.521251559292093049e-07
1.557669928481207148e-07
1.594960143877971857e-07
1.633143077245221031e-07
1.672240100009821601e-07
1.712273095224496153e-07
1.753264469815953485e-07
1.795237167126268863e-07
1.838214679754523688e-07
1.882221062705806419e-07
1.927280946855047177e-07
1.973419552733148641e-07
2.020662704643159110e-07
2.069036845114375170e-07
2.118569049702466594e-07
2.169287042143947672e-07
2.221219209873364207e-07
2.274394619912019061e-07
2.328843035137063681e-07
2.384594930940013273e-07
2.441681512284154159e-07
2.500134731170173886e-07
2.559987304520015711e-07
2.621272732488814009e-07
2.684025317215213694e-07
2.748280182020607585e-07
2.814073291067904486e-07
2.881441469490993481e-07
2.950422424006099567e-07
3.021054764016493094e-07
3.093378023222565005e-07
3.167432681749072335e-07
3.243260188802229285e-07
3.320902985869147674e-07
3.400404530472655188e-07
3.481809320494833778e-07
3.565162919082753991e-07
3.650511980150595654e-07
3.737904274492093398e-07
3.827388716518262955e-07
3.919015391635093141e-07
4.012835584276765634e-07
4.108901806609821205e-07
4.207267827924591531e-07
4.307988704730289343e-07
4.411120811570410621e-07
4.516721872575967610e-07
4.624850993774026933e-07
4.735568696169718483e-07
4.848936949620190488e-07
4.965019207519484256e-07
5.083880442313818859e-07
5.205587181866932670e-07
5.330207546696110173e-07
5.457811288099632615e-07
5.588469827196832531e-07
5.722256294902979366e-07
5.859245572860837981e-07
5.999514335352340635e-07
6.143141092213492200e-07
6.290206232776623637e-07
6.440792070864699569e-07
6.594982890862549895e-07
6.752864994891171235e-07
6.914526751111377405e-07
7.080058643183597983e-07
7.249553320912031167e-07
7.423105652100791719e-07
7.600812775651748866e-07
7.782774155933369956e-07
7.969091638451098002e-07
8.159869506850530272e-07
8.355214541284965792e-07
8.555236078180606969e-07
8.760046071432037761e-07
8.969759155063026488e-07
9.184492707387289532e-07
9.404366916704969177e-07
9.629504848572158572e-07
9.860032514680511388e-07
1.009607894338604898e-06
1.033777625192611478e-06
1.058525972036511874e-06
1.083866786731071931e-06
1.109814252744231922e-06
1.136382893089558621e-06
1.163587578454752092e-06
1.191443535524700480e-06
1.219966355503822183e-06
1.249172002842390271e-06
1.279076824171780991e-06
1.309697557453608021e-06
1.341051341347866639e-06
1.373155724805358234e-06
1.406028676889734855e-06
1.439688596834670169e-06
1.474154324341796340e-06
1.509445150125145931e-06
1.545580826708018514e-06
1.582581579478301808e-06
1.620468118008475365e-06
1.659261647646545372e-06
1.698983881384489676e-06
1.739657052010800625e-06
1.781303924553942649e-06
1.823947809023685917e-06
1.867612573457442997e-06
1.912322657278950201e-06
1.958103084976632067e-06
2.004979480109558594e-06
2.052978079648514547e-06
2.102125748660523041e-06
2.152449995344753119e-06
2.203978986428453611e-06
2.256741562931401795e-06
2.310767256307703972e-06
2.366086304974059904e-06
2.422729671233617048e-06
2.480729058604953873e-06
2.540116929565936952e-06
2.600926523722270206e-06
2.663191876410976934e-06
2.726947837749246685e-06
2.792230092139181938e-06
2.859075178239532693e-06
2.927520509415437148e-06
2.997604394677761836e-06
3.069366060123576512e-06
3.142845670889935667e-06
3.218084353633148276e-06
3.295124219546147243e-06
3.374008387926821592e-06
3.454781010310540788e-06
3.537487295180322920e-06
3.622173533268423728e-06
3.708887123463751974e-06
3.797676599339254061e-06
3.888591656314345507e-06
3.981683179467548211e-06
4.077003272014848596e-06
4.174605284469739826e-06
4.274543844501249237e-06
4.376874887506696416e-06
4.481655687916236905e-06
4.588944891246632823e-06
4.698802546922503092e-06
4.811290141882968023e-06
4.926470634992790547e-06
5.044408492277209564e-06
5.165169723000130948e-06
5.288821916605877124e-06
5.415434280545172965e-06
5.545077679006576884e-06
5.677824672574820073e-06
5.813749558838603607e-06
5.952928413970172740e-06
6.095439135300290430e-06
6.241361484912029718e-06
6.390777134278189478e-06
6.543769709967034700e-06
6.700424840441929854e-06
6.860830203981297835e-06
7.025075577745292122e-06
7.193252888017028335e-06
7.365456261646243451e-06
7.541782078724231745e-06
7.722329026519566408e-06
7.907198154704518964e-06
8.096492931903665768e-06
8.290319303595371296e-06
8.488785751399552666e-06
8.692003353784173519e-06
8.900085848224606076e-06
9.113149694850798110e-06
9.331314141617630455e-06
9.554701291034977271e-06
9.783436168494911311e-06
1.001764679223386742e-05
1.025746424496959516e-05
1.050302274725211311e-05
1.075445973257036080e-05
1.101191592425617340e-05
1.127553541422880627e-05
1.154546574362373026e-05
1.182185798535115763e-05
1.210486682863019789e-05
1.239465066554597559e-05
1.269137167967811300e-05
1.299519593685023069e-05
1.330629347805087305e-05
1.362483841457815609e-05
1.395100902546128392e-05
1.428498785721318117e-05
1.462696182597014051e-05
1.497712232207551596e-05
1.533566531716613435e-05
1.570279147382082883e-05
1.607870625783308066e-05
1.646362005316969883e-05
1.685774827968032234e-05
1.726131151362337809e-05
1.767453561107599965e-05
1.809765183429659784e-05
1.853089698111081039e-05
1.897451351739313000e-05
1.942874971271842108e-05
1.989385977925863316e-05
2.037010401400316659e-05
2.085774894438110542e-05
2.135706747736792371e-05
2.186833905215914914e-05
2.239184979649656149e-05
2.292789268673440408e-05
2.347676771173439760e-05
2.403878204068195744e-05
2.461425019491663907e-05
2.520349422387310894e-05
2.580684388523096792e-05
2.642463682937344825e-05
2.705721878825889125e-05
2.770494376880966526e-05
2.836817425092695062e-05
2.904728139024163495e-05
2.974264522571500052e-05
3.045465489220418686e-05
3.118370883811220581e-05
3.193021504824275714e-05
3.269459127198610698e-05
3.347726525696034290e-05
3.427867498824171825e-05
3.509926893331527097e-05
3.593950629288335957e-05
3.679985725767169382e-05
3.768080327137658474e-05
3.858283729989913058e-05
3.950646410701775445e-05
4.045220053665157990e-05
4.142057580187365613e-05
4.241213178083287535e-05
4.342742331975223374e-05
4.446701854316991532e-05
4.553149917159806694e-05
4.662146084677519650e-05
4.773751346469383227e-05
4.888028151658905179e-05
5.005040443807781230e-05
5.124853696664362254e-05
5.247534950766611668e-05
5.373152850919822902e-05
5.501777684570142638e-05
5.633481421095129195e-05
5.768337752033295048e-05
5.906422132275046641e-05
6.047811822237839227e-05
6.192585931049195873e-05
6.340825460761491210e-05
6.492613351623148564e-05
6.648034528431501558e-05
6.807175947992920220e-05
6.970126647716874322e-05
7.136977795370717825e-05
7.307822740023017750e-05
7.482757064203653336e-05
7.661878637309750225e-05
7.845287670287144632e-05
8.033086771617615877e-05
8.225381004643228869e-05
8.422277946259462862e-05
8.623887747009777226e-05
8.830323192614976488e-05
9.041699766971625959e-05
9.258135716654265247e-05
9.479752116957499222e-05
9.706672939514437613e-05
9.939025121529002072e-05
1.017693863666065628e-04
1.042054656760056327e-04
1.066998518037976521e-04
1.092539400045033866e-04
1.118691589058175908e-04
1.145469713061561626e-04
1.172888749912286886e-04
1.200964035700895883e-04
1.229711273311272083e-04
1.259146541184698667e-04
1.289286302292892434e-04
1.320147413324997143e-04
1.351747134093622693e-04
1.384103137165095280e-04
1.417233517719289262e-04
1.451156803644454690e-04
1.485891965872625784e-04
1.521458428961316772e-04
1.557876081927362223e-04
1.595165289338833822e-04
1.633346902671213802e-04
1.672442271934038063e-04
1.712473257574456990e-04
1.753462242664207804e-04
1.795432145376811843e-04
1.838406431761779273e-04
1.882409128822873953e-04
1.927464837907666038e-04
1.973598748415697165e-04
2.020836651832811877e-04
2.069204956099372089e-04
2.118730700320210444e-04
2.169441569824450300e-04
2.221365911583416005e-04
2.274532749995098911e-04
2.328971803043855743e-04
2.384713498844126761e-04
2.441788992577324118e-04
2.500230183831087167e-04
2.560069734350422371e-04
2.621341086210426832e-04
2.684078480420517502e-04
2.748316975970333735e-04
2.814092469327722870e-04
2.881441714399373311e-04
2.950402342965108434e-04
3.021012885596782542e-04
3.093312793073381460e-04
3.167342458303815437e-04
3.243143238769352794e-04
3.320757479497958835e-04
3.400228536582929713e-04
3.481600801258607808e-04
3.564919724546265485e-04
3.650231842483374714e-04
3.737584801950150125e-04
3.827027387107025894e-04
3.918609546457639211e-04
4.012382420551745114e-04
4.108398370343012743e-04
4.206711006217156695e-04
4.307375217705709152e-04
4.410447203901766847e-04
4.515984504593811627e-04
4.624046032134364217e-04
4.734692104060642245e-04
4.847984476484621785e-04
4.963986378270309916e-04
5.082762546016667861e-04
5.204379259864642688e-04
5.328904380147593935e-04
5.456407384904531565e-04
5.586959408276036525e-04
5.720633279803537469e-04
5.857503564652396036e-04
5.997646604780515088e-04
6.141140561073964209e-04
6.288065456471973302e-04
6.438503220104161177e-04
6.592537732462979902e-04
6.750254871635479959e-04
6.911742560618424312e-04
7.077090815741578526e-04
7.246391796224778198e-04
7.419739854894262217e-04
7.597231590085130794e-04
7.778965898756754664e-04
7.965044030848693725e-04
8.155569644905627698e-04
8.350648864999687558e-04
8.550390338979961015e-04
8.754905298079184925e-04
8.964307617907967115e-04
9.178713880868496653e-04
9.398243440019016367e-04
9.623018484422385995e-04
9.853164106011702214e-04
1.008880836800697288e-03
1.033008237491798986e-03
1.057712034416846908e-03
1.083005967937775886e-03
1.108904104533734933e-03
1.135420844471931234e-03
1.162570929655570330e-03
1.190369451652785416e-03
1.218831859910550616e-03
1.247973970157701448e-03
1.277811973001167925e-03
1.308362442719712866e-03
1.339642346259502671e-03
1.371669052435871457e-03
1.404460341345869058e-03
1.438034413996077364e-03
1.472409902150458982e-03
1.507605878402954727e-03
1.543641866479666122e-03
1.580537851775643855e-03
1.618314292131214655e-03
1.656992128853069200e-03
1.696592797985296353e-03
1.737138241835649429e-03
1.778650920762542493e-03
1.821153825228186401e-03
1.864670488123562316e-03
1.909224997370903478e-03
1.954842008809449302e-03
2.001546759370469164e-03
2.049365080547451562e-03
2.098323412167656804e-03
2.148448816471202998e-03
2.199768992503939660e-03
2.252312290830612435e-03
2.306107728574758632e-03
2.361185004791936399e-03
2.417574516183085016e-03
2.475307373154675937e-03
2.534415416232720097e-03
2.594931232837566042e-03
2.656888174426560913e-03
2.720320374011886595e-03
2.785262764060770970e-03
2.851751094785553563e-03
2.919821952831065746e-03
2.989512780366898430e-03
3.060861894592304972e-03
3.133908507661409791e-03
3.208692747036695925e-03
3.285255676278644576e-03
3.363639316279510693e-03
3.443886666949508377e-03
3.526041729363352858e-03
3.610149528375633174e-03
3.696256135713226875e-03
3.784408693553095553e-03
3.874655438594085816e-03
3.967045726631038965e-03
4.061630057639907705e-03
4.158460101382416459e-03
4.257588723538884706e-03
4.359070012377948972e-03
4.462959305971781615e-03
4.569313219965604952e-03
4.678189675910165643e-03
4.789647930165848166e-03
4.903748603387289226e-03
5.020553710596929904e-03
5.140126691856389089e-03
5.262532443544223372e-03
5.387837350248435644e-03
5.516109317282606381e-03
5.647417803833652480e-03
5.781833856749823974e-03
5.919430144977089192e-03
6.060280994651858627e-03
6.204462424858185957e-03
6.352052184057128438e-03
6.503129787195854362e-03
6.657776553504005448e-03
6.816075644984382308e-03
6.978112105605008102e-03
7.143972901199212647e-03
7.313746960080030543e-03
7.487525214375277162e-03
7.665400642088617683e-03
7.847468309892345964e-03
8.033825416656779905e-03
8.224571337720476549e-03
8.419807669905899489e-03
8.619638277283491953e-03
8.824169337687610276e-03
9.033509389986647473e-03
9.247769382108987982e-03
9.467062719826327064e-03
9.691505316294358324e-03
9.921215642351061820e-03
1.015631477757113037e-02
1.039692646207470046e-02
1.064317714908780306e-02
1.089519605825027895e-02
1.115311522966691560e-02
1.141706957869568183e-02
1.168719695146588217e-02
1.196363818111852335e-02
1.224653714475901212e-02
1.253604082111161623e-02
1.283229934886362736e-02
1.313546608568512408e-02
1.344569766790955877e-02
1.376315407085820959e-02
1.408799866978956671e-02
1.442039830145383505e-02
1.476052332622951498e-02
1.510854769081851172e-02
1.546464899147281281e-02
1.582900853772426994e-02
1.620181141658683793e-02
1.658324655719740567e-02
1.697350679585999528e-02
1.737278894145462618e-02
1.778129384116921771e-02
1.819922644651124355e-02
1.862679587955125976e-02
1.906421549934857185e-02
1.951170296850555236e-02
1.996948031979322788e-02
2.043777402278851296e-02
2.091681505045823314e-02
2.140683894562265752e-02
2.190808588722632441e-02
2.242080075634001954e-02
2.294523320181435233e-02
2.348163770549906854e-02
2.403027364694003062e-02
2.459140536745906339e-02
2.516530223351758772e-02
2.575223869926080572e-02
2.635249436813208793e-02
2.696635405344361899e-02
2.759410783778267623e-02
2.823605113112723566e-02
2.889248472753944835e-02
2.956371486029814658e-02
3.025005325532660952e-02
3.095181718276444199e-02
3.166932950652587286e-02
3.240291873168084369e-02
3.315291904948726442e-02
3.391967037989625233e-02
3.470351841134486359e-02
3.550481463764358636e-02
3.632391639175819309e-02
3.716118687627739670e-02
3.801699519035173919e-02
3.889171635287763662e-02
3.978573132169786752e-02
4.069942700857628187e-02
4.163319628969974762e-02
4.258743801145176838e-02
4.356255699119133962e-02
4.455896401276693980e-02
4.557707581648265394e-02
4.661731508322777828e-02
4.768011041247340737e-02
4.876589629382774987e-02
4.987511307183948445e-02
5.100820690372532412e-02
5.216562970969294138e-02
5.334783911552288399e-02
5.455529838706269646e-02
5.578847635628452623e-02
5.704784733854567635e-02
5.833389104068754938e-02
5.964709245960325007e-02
6.098794177089381097e-02
6.235693420723543989e-02
6.375456992606806650e-02
6.518135386621549954e-02
6.663779559304462696e-02
6.812440913176383284e-02
6.964171278846585655e-02
7.119022895851334631e-02
7.277048392186735715e-02
7.438300762496226348e-02
7.602833344872635124e-02
7.770699796235827628e-02
7.941954066246771637e-02
8.116650369719607960e-02
8.294843157494229124e-02
8.476587085732113780e-02
8.661936983599989592e-02
8.850947819306294317e-02
9.043674664457121426e-02
9.240172656699868758e-02
9.440496960624041034e-02
9.644702726891334066e-02
9.852845049568453861e-02
1.006497892163874114e-01
1.028115918867144318e-01
1.050144050062947337e-01
1.072587726180048023e-01
1.095452357883839878e-01
1.118743320690659820e-01
1.142465949391725105e-01
1.166625532286577616e-01
1.191227305226285338e-01
1.216276445467191908e-01
1.241778065336399534e-01
1.267737205710704473e-01
1.294158829311266024e-01
1.321047813816753902e-01
1.348408944798440978e-01
1.376246908481184861e-01
1.404566284334948789e-01
1.433371537502180493e-01
1.462667011066967337e-01
1.492456918172726799e-01
1.522745333995795258e-01
1.553536187583095807e-01
1.584833253562830113e-01
1.616640143737865243e-01
1.648960298572395011e-01
1.681796978583161295e-01
1.715153255647391684e-01
1.749032004240470839e-01
1.783435892617084850e-01
1.818367373950590116e-01
1.853828677446012485e-01
1.889821799443029693e-01
1.926348494526078647e-01
1.963410266659457171e-01
2.001008360366247629e-01
2.039143751970465268e-01
2.077817140922690042e-01
2.117028941230139349e-01
2.156779273012691955e-01
2.197067954207208573e-01
2.237894492442871475e-01
2.279258077110900005e-01
2.321157571652480434e-01
2.363591506089041394e-01
2.406558069819540180e-01
2.450055104709495946e-01
2.494080098496810061e-01
2.538630178539529325e-01
2.583702105930595905e-01
2.629292270004774945e-01
2.675396683262564190e-01
2.722010976735756982e-01
2.769130395818941714e-01
2.816749796590637955e-01
2.864863642647382247e-01
2.913466002473180660e-01
2.962550547366042952e-01
3.012110549942397797e-01
3.062138883239040599e-01
3.112628020431295051e-01
3.163570035184629092e-01
3.214956602655697493e-01
3.266779001157298357e-01
3.319028114500010562e-01
3.371694435021845293e-01
3.424768067315187570e-01
3.478238732658582300e-01
3.532095774158963697e-01
3.586328162607719805e-01
3.640924503052150318e-01
3.695873042081408988e-01
3.751161675824010167e-01
3.806777958651604843e-01
3.862709112581390603e-01
3.918942037367363351e-01
3.975463321268060124e-01
4.032259252476267375e-01
4.089315831193735540e-01
4.146618782331755737e-01
4.204153568815975350e-01
4.261905405471896335e-01
4.319859273465078697e-01
4.377999935268100384e-01
4.436311950124371961e-01
4.494779689976787784e-01
4.553387355827681615e-01
4.612118994494609492e-01
4.670958515725054383e-01
4.729889709631720507e-01
4.788896264408683545e-01
4.847961784287758147e-01
4.907069807693240082e-01
4.966203825552525375e-01
5.025347299719454819e-01
5.084483681466657190e-01
5.143596430003108955e-01
5.202669030972800757e-01
5.261685014890595813e-01
5.320627975471634574e-01
5.379481587810930332e-01
5.438229626370660874e-01
5.496855982733176438e-01
5.555344683078849988e-01
5.613679905348992749e-01
5.671845996055164818e-01
5.729827486697890437e-01
5.787609109759054293e-01
5.845175814234091494e-01
5.902512780671832493e-01
5.959605435691686104e-01
6.016439465950020882e-01
6.073000831529459242e-01
6.129275778727121260e-01
6.185250852220006701e-01
6.240912906587893216e-01
6.296249117176634380e-01
6.351246990286818495e-01
6.405894372675273729e-01
6.460179460359185555e-01
6.514090806714816217e-01
6.567617329865391707e-01
6.620748319354681222e-01
6.673473442105265496e-01
6.725782747662564232e-01
6.777666672727806763e-01
6.829116044985266143e-01
6.880122086230969769e-01
6.930676414812001473e-01
6.980771047387391848e-01
7.030398400023111227e-01
7.079551288635554940e-01
7.128222928799144986e-01
7.176406934935214421e-01
7.224097318900614129e-01
7.271288487995519745e-01
7.317975242411186576e-01
7.364152772139131997e-01
7.409816653364167394e-01
7.454962844364410035e-01
7.499587680941894874e-01
7.543687871408112366e-01
7.587260491148961616e-01
7.630302976794006709e-01
7.672813120015139488e-01
7.714789060979683200e-01
7.756229281483164595e-01
7.797132597786738950e-01
7.837498153184109251e-01
7.877325410322603139e-01
7.916614143302556084e-01
7.955364429579010466e-01
7.993576641689028595e-01
8.031251438827563538e-01
8.068389758294154390e-01
8.104992806832208574e-01
8.141062051881802208e-01
8.176599212766417768e-01
8.211606251833168946e-01
8.246085365565336556e-01
8.280038975685326541e-01
8.313469720265194152e-01
8.346380444861286607e-01
8.378774193688507399e-01
8.410654200849047024e-01
8.442023881629471260e-01
8.472886823879274276e-01
8.503246779483184525e-01
8.533107655938665381e-01
8.562473508049212034e-01
8.591348529743345619e-01
8.619737046028234095e-01
8.647643505086334281e-01
8.675072470522500190e-01
8.702028613768355569e-01
8.728516706650043533e-01
8.754541614124691229e-01
8.780108287190357963e-01
8.805221755973550168e-01
8.829887122997752691e-01
8.854109556635910705e-01
8.877894284749121567e-01
8.901246588513418434e-01
8.924171796435844684e-01
8.946675278560699551e-01
8.968762440866256958e-01
8.990438719851904237e-01
9.011709577315226705e-01
9.032580495318183189e-01
9.053056971341174597e-01
9.073144513623481178e-01
9.092848636688218855e-01
9.112174857049760712e-01
9.131128689101213336e-01
9.149715641179378967e-01
9.167941211804401247e-01
9.185810886091086980e-01
9.203330132328749746e-01
9.220504398726246942e-01
9.237339110318758539e-01
9.253839666032740441e-01
9.270011435905367581e-01
9.285859758454718671e-01
9.301389938196856777e-01
9.316607243305952135e-01
9.331516903413461517e-01
9.346124107542440607e-01
9.360434002173001478e-01
9.374451689434886159e-01
9.388182225423206129e-01
9.401630618633325387e-01
9.414801828510928061e-01
9.427700764113333687e-01
9.440332282878157732e-01
9.452701189495398282e-01
9.464812234879200759e-01
9.476670115235447112e-01
9.488279471221505723e-01
9.499644887194451659e-01
9.510770890544182343e-01
9.521661951107894817e-01
9.532322480662459574e-01
9.542756832491320340e-01
9.552969301022630200e-01
9.562964121535333373e-01
9.572745469930137308e-01
9.582317462562224275e-01
9.591684156132752603e-01
9.600849547636235437e-01
9.609817574361000370e-01
9.618592113939934407e-01
9.627176984448913011e-01
9.635575944550317518e-01
9.643792693679137384e-01
9.651830872269280270e-01
9.659694062017721850e-01
9.667385786184290453e-01
9.674909509924862760e-01
9.682268640655935510e-01
9.689466528448528182e-01
9.696506466449457129e-01
9.703391691328188129e-01
9.710125383747365557e-01
9.716710668855411681e-01
9.723150616799453028e-01
9.729448243257048379e-01
9.735606509985167412e-01
9.741628325384973364e-01
9.747516545081043038e-01
9.753273972513651913e-01
9.758903359542898670e-01
9.764407407063433464e-01
9.769788765628628635e-01
9.775050036083118288e-01
9.780193770202630921e-01
9.785222471340139228e-01
9.790138595077362282e-01
9.794944549880729712e-01
9.799642697760959642e-01
9.804235354935431079e-01
9.808724792492573563e-01
9.813113237057606852e-01
9.817402871458851266e-01
9.821595835394042462e-01
9.825694226096026718e-01
9.829700098997219415e-01
9.833615468392340464e-01
9.837442308098883759e-01
9.841182552114875470e-01
9.844838095273437117e-01
9.848410793893782600e-01
9.851902466428220650e-01
9.855314894104821866e-01
9.858649821565419469e-01
9.861908957498606298e-01
9.865093975267461568e-01
9.868206513531736501e-01
9.871248176864232393e-01
9.874220536361192346e-01
9.877125130246425799e-01
9.879963464469062595e-01
9.882737013294700112e-01
9.885447219889813564e-01
9.888095496899300674e-01
9.890683227017014190e-01
9.893211763549190074e-01
9.895682430970665910e-01
9.898096525473809582e-01
9.900455315510089394e-01
9.902760042324220136e-01
9.905011920480829568e-01
9.907212138383632016e-01
9.909361858787044675e-01
9.911462219300254395e-01
9.913514332883702762e-01
9.915519288338011661e-01
9.917478150785312696e-01
9.919391962143031538e-01
9.921261741590123862e-01
9.923088486025790633e-01
9.924873170520694954e-01
9.926616748760738185e-01
9.928320153483393140e-01
9.929984296906700925e-01
9.931610071150905883e-01
9.933198348652851895e-01
9.934749982573145566e-01
9.936265807196175137e-01
9.937746638323043946e-01
9.939193273657469518e-01
9.940606493184730441e-01
9.941987059543749838e-01
9.943335718392336542e-01
9.944653198765726065e-01
9.945940213428446919e-01
9.947197459219619953e-01
9.948425617391758458e-01
9.949625353943152284e-01
9.950797319943931463e-01
9.951942151855867058e-01
9.953060471846042478e-01
9.954152888094403018e-01
9.955219995095356822e-01
9.956262373953449485e-01
9.957280592673236619e-01
9.958275206443413241e-01
9.959246757915304338e-01
9.960195777475815415e-01
9.961122783514896328e-01
9.962028282687628300e-01
9.962912770171026278e-01
9.963776729915624353e-01
9.964620634891940831e-01
9.965444947331908443e-01
9.966250118965356286e-01
9.967036591251613453e-01
9.967804795606354240e-01
9.968555153623711584e-01
9.969288077293801953e-01
9.970003969215703865e-01
9.970703222805977761e-01
9.971386222502828245e-01
9.972053343965951999e-01
9.972704954272191280e-01
9.973341412107039616e-01
9.973963067952084094e-01
9.974570264268479702e-01
9.975163335676487941e-01
9.975742609131215133e-01
9.976308404094558213e-01
9.976861032703475685e-01
9.977400799934640352e-01
9.977928003765548226e-01
9.978442935332128005e-01
9.978945879082969928e-01
9.979437112930191756e-01
9.979916908397029607e-01
9.980385530762224677e-01
9.980843239201259154e-01
9.981290286924502375e-01
9.981726921312344958e-01
9.982153384047360856e-01
9.982569911243582839e-01
9.982976733572919148e-01
9.983374076388805696e-01
9.983762159847110462e-01
9.984141199024395563e-01
9.984511404033531434e-01
9.984872980136786369e-01
9.985226127856375866e-01
9.985571043082581699e-01
9.985907917179456250e-01
9.986236937088176502e-01
9.986558285428097648e-01
9.986872140595539626e-01
9.987178676860390958e-01
9.987478064460527660e-01
9.987770469694138287e-01
9.988056055009962853e-01
9.988334979095523369e-01
