1.155325969411528236e-02 -1.679551012113395636e+00 6.798753666786309935e-02 3.400415060211209872e-01 1.896875218048593714e-01 8.095380252812216237e-02 3.098821855398981029e-01 2.656149061712010928e-01 2.026610837210923999e-01 1.399626391136301606e-01
2.620355502514561397e-01 -3.091094196411867667e+00 -2.369683313117261492e-02 4.253434387631747082e-01 5.913949010441976739e-01 3.650216089322118052e-01 6.935053531488923895e-01 4.324743732273965691e-01 3.396311678777981236e-01 1.006993442080546530e-01
4.057108703693274032e-02 -2.150655196366813460e+00 1.876407116569932532e-01 3.348083875703538603e-01 3.650289434094815544e-01 1.091642951975117237e-01 4.670852684253237186e-01 1.925357144224796591e-01 3.464654003670571414e-01 1.684052943956216297e-01
4.733178303337554627e-01 -3.311012283886001661e+00 2.320808979918539960e-01 4.255249078094334725e-01 4.254952834219021818e-01 3.099132239974490832e-01 4.439986818135588376e-01 3.120377563665054921e-01 4.103929141594350738e-01 1.385027211020469495e-01
5.350364878511962852e-01 -2.845016086906902775e+00 4.884281693760803011e-01 3.122926947688766663e-01 2.364977281298228373e-01 2.098839533989269313e-01 3.836144440511974341e-01 1.519290915042401102e-01 4.406400376266572660e-01 9.036813649576144747e-02
4.003933970379819351e-01 -3.179328161833889776e+00 9.497075689503184370e-02 4.656604339583255703e-01 5.001759209197131906e-01 3.047375388194145107e-01 4.628973794848476597e-01 4.527591942672486991e-01 2.890891113881869923e-01 2.153464896123793715e-01
-1.441029807594047807e-02 -1.810810086274650343e+00 4.613319689029121012e-02 1.681755378900018638e-01 4.038310638019851351e-01 9.339240161322885647e-02 2.455759670288863161e-01 4.936825161476930957e-01 1.386515738811258946e-01 2.039840145483582667e-01
3.916718893345729202e-01 -2.122559569874574503e+00 2.348268850350976322e-02 2.683831257900908263e-01 3.502007374169767151e-01 2.619587022996101022e-01 5.284914424297687541e-01 7.608232611528366329e-02 1.922016437995232307e-01 3.907243619354315578e-02
3.321725548903267100e+00 -1.633230469253806216e+00 -5.986930445398969125e-01 -3.729917970477644396e+00 1.456530100952410534e+00 -2.233941406617440117e-01 -1.604432041393415220e+00 1.052587300343138299e+00 -1.046010731243160352e+00 2.830953107928923629e+00
-6.712761844813201761e-02 -2.261468998533471719e+00 1.322275084428096437e-01 2.281970156802707872e-01 5.215590876071939386e-01 1.633877112423629263e-01 4.583485566798657929e-01 4.712723425967276780e-01 3.435214773224097851e-01 3.141161399982766445e-01
-7.090747732455948693e-02 -1.562515260888417412e+00 5.880405348231766693e-02 2.628698752051124576e-01 2.578167178539058080e-01 1.394014786542222550e-01 2.560069136742560425e-01 2.990608658504125827e-01 1.909960094974373634e-01 1.044938105457153682e-01
4.038871183899545025e-01 -1.850877990956635299e+00 2.965527441588008267e-02 4.020613558406482824e-01 3.452071623042557991e-01 2.071148351982345093e-01 2.465738843496769195e-01 2.090296725303041891e-01 1.324936346040339052e-01 1.240322024518299981e-01
4.490717548385985691e-01 -2.746061567996053832e+00 3.736372189171135449e-01 2.874866364906162319e-01 4.170530313734845951e-01 1.293100194736003794e-01 4.544158957626563411e-01 3.653739424834078209e-01 3.130759860584021448e-01 8.593142979218594546e-02
3.275518572132221640e-01 -1.390655833962747945e+00 9.654755859712280119e-02 2.028795538317107461e-01 1.807220550905577205e-01 1.128434371119360485e-01 2.208949018787156326e-01 8.170590144080040751e-02 1.472197670990143537e-01 1.498315730957669976e-02
3.639907142572939569e-01 -2.753458579977897447e+00 1.603253223451593934e-01 4.795177955530078306e-01 3.353794605217326197e-01 3.417817132106248379e-01 3.057983529992059912e-01 2.295990413721926970e-01 4.036266705353534490e-01 7.715991425410730076e-02
2.746573248409964196e-01 -1.734244565543276106e+00 1.670111469898103440e-01 3.507419735577386732e-01 1.307638064067300487e-01 2.529369975898854497e-02 2.326590213877423041e-01 2.181821546147549307e-01 2.481741359691126136e-01 4.648669771785202132e-02
4.599010762848008138e-01 -1.268436643334001745e+00 1.355513046822574286e-01 1.252857721299091009e-01 1.332038129333892873e-01 1.160180851022493131e-01 1.137787383315297524e-01 1.743809668384953271e-01 4.452143502298092081e-02 -6.563845707843143917e-02
2.330099273670993010e-01 -1.963677169438372339e+00 2.447582298229988851e-01 4.681006465832850960e-01 -7.221909655783871618e-02 4.212997869927140315e-01 9.367182238631209523e-02 1.722559479061768484e-01 2.846124823046619623e-01 1.863190724333681492e-01
3.381802060749541372e-01 -3.552373204444684518e+00 3.219451750564286119e-01 3.101135359981810891e-01 5.727989915217783778e-01 2.696004087598918852e-01 6.288225631561453755e-01 4.070387775902844507e-01 4.896627550473383605e-01 2.335842480142939770e-01
4.408618392661195484e-02 -6.525966692835510896e-01 -4.257742452877198713e-02 2.014791320717061185e-01 1.118557025170883457e-01 1.182381734507216287e-01 1.844722407445245349e-01 2.657491088364157678e-02 1.061545726412473079e-01 -6.288208786745527745e-02
5.471667516392744735e-02 -1.791197545107716005e+00 1.449725945165398766e-01 5.873280022928443339e-02 3.494303008713207093e-01 5.398606723774396904e-02 3.669992248387183298e-01 4.726110384159303290e-01 1.575986586211602647e-01 1.882672127492342196e-01
2.003631528024721609e-01 -2.904048869809124245e+00 3.245838575320190711e-01 4.484368023635903477e-01 3.666859234995504258e-01 2.496907583350958248e-01 4.674199630505441183e-01 2.106948745129915701e-01 4.486868436077485200e-01 9.915391450890273517e-02
4.616399930523765738e-01 -2.823983139376237794e+00 2.517528771861580750e-01 3.603043434404477607e-01 4.377688506669168977e-01 8.110434578301660424e-02 3.865076711930577891e-01 1.704401033309120850e-01 3.662089164781072714e-01 1.458587804003893540e-01
-4.245073596351767176e-01 -3.601044386072976167e+00 -2.244660404934169518e-01 2.605514618551281636e+00 1.523444228852394611e+00 -2.148560889920220429e+00 8.511637984949078639e-01 1.795675502971661119e+00 3.678875851556343002e-01 -6.196428579807333747e-01
3.734759910671947569e-01 -1.823057367961062658e+00 1.858469747383500181e-01 5.385886614175874332e-01 1.114604304362435891e-02 6.670537976855955842e-02 7.765779835587598157e-02 3.468635147230889615e-01 2.278319330627425199e-01 1.055250126485352685e-02
3.641458179797113504e-01 -3.233083079339520438e+00 2.488095387530266656e-01 4.099930309913457638e-01 5.198736235471915768e-01 2.327361600126308661e-01 4.387978439552894239e-01 4.611565574770988274e-01 4.182719599487443873e-01 2.280580911191125992e-01
3.687536764908714293e-01 -2.483315787423987064e+00 1.625105956278109498e-01 3.197786528627471481e-01 3.219515377786587584e-01 2.250041854455120949e-01 4.698654625863912249e-01 2.923183842930986431e-01 2.622093761537854784e-01 1.863668855235741662e-01
3.990184179910705176e-01 -2.098486713342468057e+00 2.072993687071179036e-01 5.063844821884496694e-01 2.934028392961788856e-01 9.233736632905614750e-02 2.190055153603458482e-01 2.119977708643006054e-01 1.250557127015750336e-01 1.183309995174467583e-01
2.960625344964030736e-01 -2.670797680217094960e+00 2.390977978094699086e-01 5.647891267302854734e-01 2.203393759474603364e-01 2.244214394571760196e-01 3.210604124347243293e-01 2.857078835692742902e-01 4.273850167550995449e-01 1.003546136822382473e-01
4.367242939204238339e-01 -2.478475036042944168e+00 2.672933337456080971e-01 3.288928277882173234e-01 2.466468184600607849e-01 1.283404540924409087e-01 4.567539958949540235e-01 3.607907777828610052e-01 2.260885563294748601e-01 8.085456905183879828e-02
3.233135411377052182e-01 -1.960609840875937815e+00 2.085199472433538481e-01 4.074051479262430497e-01 2.542066950660077929e-01 2.218310055443196149e-01 4.752535952751601456e-01 1.275923850814311526e-02 1.747297195322893015e-01 -6.165016083276290970e-02
2.556302211503849731e-01 -1.633757984536878816e+00 1.610477626131739115e-01 4.828028923888950663e-01 1.041448714877207665e-01 2.403099785060607285e-01 1.455926462352142570e-01 7.255199464112334351e-02 1.753989853444987979e-01 -6.090777650630510749e-03
2.494729528444267208e-01 -2.109316030399467579e+00 2.234513146931382116e-02 3.009344414986288574e-01 3.443070488978333121e-01 2.394291001868985580e-01 1.860942758159948307e-01 3.188772690958747158e-01 3.525562293883586218e-01 1.587135894274203651e-01
4.580727174947921698e-01 -8.836880953296258889e-01 6.898894763025451016e-02 2.377748567381175460e-01 3.791160808092759044e-02 8.729607407366184180e-02 4.248160092275222316e-02 1.051648214835357864e-01 6.870909001513689218e-02 -5.744264121859619932e-02
2.405790716383139349e-01 -2.456767305883766017e+00 3.378250179249985274e-01 4.509406322291867886e-01 2.091857972829041235e-01 2.345087633879398836e-01 4.565670629532425639e-01 -2.051588667949021463e-02 4.437078712391868129e-01 -7.677376426607896223e-03
8.880801294097883866e-03 -2.031873419288154903e+00 2.010801387522940728e-02 2.850306825515894760e-01 4.219553152120985029e-01 1.922514647322166592e-01 3.306349079213947717e-01 3.007747490834323245e-01 3.256209473134732413e-01 1.796233908762567000e-01
7.039022186004367798e-02 -1.004808417051224811e+00 6.797645537809794691e-02 5.650600271595895840e-02 1.733061999368079309e-01 8.225902090236018871e-02 3.453001684076063005e-01 8.413731463256547694e-02 4.540312115154889611e-02 5.632767806689764623e-02
3.458316271708929968e-01 -2.287397370574416389e+00 5.043396776751323668e-02 2.666317145069931893e-01 3.862987235231898908e-01 2.136565914097889318e-01 5.891931707970378129e-01 2.021618335838840652e-01 9.496375899079635696e-02 1.271168185997468836e-01
6.459333333285090240e-02 -1.594100892415455828e+00 9.564894432255402479e-02 2.080837609280266343e-01 2.098775231465336566e-01 1.274491993869650008e-01 3.140263662435139880e-01 4.506531610926260978e-01 1.807551745429857304e-01 9.222542007283461574e-02
-5.675620122062723137e-04 -1.257755209663638851e+00 1.570111172873562277e-01 3.068916112541019703e-01 2.425822642609765101e-01 7.170769988983932697e-02 1.353262084997344794e-01 2.164931588775425852e-01 9.928928598285749474e-02 9.409193607199414777e-02
1.573036625038864433e-01 -1.845185278519391403e+00 2.000872410290241432e-01 3.120640631896459682e-01 2.945870474146177198e-01 1.818408276325874928e-01 4.033859646853998893e-01 5.916909572273690299e-02 1.716894251451853148e-01 1.084184930012748599e-01
-1.874301508273920613e-01 -1.860763143886436044e+00 -1.424372603805685589e-01 1.009447649716113254e-01 1.325752845895007415e-01 1.346000767813246846e-01 1.660431235898996993e-01 1.038188923847446210e+00 8.241695289252622125e-02 4.465024697421111077e-01
2.936907673812284847e-02 -1.259312806146901220e+00 7.337263814369192338e-02 2.103637921333501304e-01 1.202623379825731448e-01 1.391586999668500968e-01 3.360895032179859743e-01 4.075046300058052240e-02 1.924964242653746938e-01 3.771372422328392315e-02
1.138688990294567799e-01 -2.563486172448090628e+00 2.381500359316736370e-01 4.986613195365366957e-01 3.928801789720598459e-01 2.478047383575343043e-01 3.124147313101991452e-01 2.776945435714576749e-01 4.368024573292817458e-01 1.122447913227323929e-01
1.521578292133389521e-01 -7.522197678926569875e-01 1.282498592458453969e-02 1.323339806785204797e-01 1.504920495165626426e-01 -5.471456776193782401e-03 6.325726145459223404e-02 9.790732785275450822e-02 9.859296775389939094e-02 -1.658343702991200985e-02
2.958820100700014222e-01 -5.865098038995101293e-01 -8.009137984001568622e-01 3.741660197421406320e+00 -1.198018014394560904e+00 2.750824866292019610e+00 -1.839733368890879683e+00 -5.321505242892130561e-01 -3.329712315748246887e+00 1.439908265452693348e+00
-7.895481104899207958e-01 -2.849151969172947219e+00 -1.866529224687059729e+00 -8.576546339451432965e-01 -2.065450013976935839e+00 3.954010888017400305e+00 4.541069741426124295e+00 2.232677613591858845e-01 -2.824395706891529856e-01 2.023138386169824610e-01
2.073704045859180514e-02 -1.310401226048561130e+00 1.891556025861316215e-01 2.061726336326621667e-01 2.974459898093827492e-01 1.269510250955387110e-01 2.228418240754220236e-01 4.204347985757992540e-02 2.960498964547077505e-01 1.810540842846078136e-01
2.005112109893540384e-01 -8.695826390893568458e-01 5.043901755202275655e-02 2.064007992746941800e-01 1.896604093596007123e-01 9.088682868092903822e-02 8.804431171547028034e-02 1.880908680680361267e-01 8.324449172321089774e-02 -2.876125682012104987e-02
1.671661873003905396e-01 -6.375593160474305465e-01 -8.848718571119149057e-02 1.857228193782861358e-01 1.038255021355722896e-01 1.329373131685397391e-01 1.434128120912907256e-01 7.157164020891514100e-02 -1.371145670209071576e-02 -1.105182766654036475e-02
1.503327684175870538e-01 -1.291503444349064056e+00 1.164219438750664914e-01 2.486700349006984168e-01 2.738432639380505296e-01 6.866377052845952511e-02 1.810192304327821466e-01 7.380498105109623008e-02 2.254342170559271996e-01 4.917895423163601287e-02
4.628967420647552289e-01 -1.881301007600984843e+00 1.253507993793885889e-01 1.436898561877563985e-01 3.164040359229747801e-01 2.345548939282410539e-01 2.023765848590468319e-01 2.473137064108380523e-01 -4.617273620651086811e-03 1.296270939482285500e-01
3.774318223721738197e-01 -2.700824188050994223e+00 4.379081027617340999e-02 3.874230843012088643e-01 3.578451770582083968e-01 2.872648798848440044e-01 4.724583768184437704e-01 1.397844877579793033e-01 3.494034458269568710e-01 1.737314363102878678e-01
-1.767976330658439094e-02 -8.414635167238585511e-01 5.155971815894604127e-03 2.327741711144787062e-01 1.666825610217979314e-01 1.385787920473273704e-01 8.466233372465745144e-02 1.566046643479659384e-01 3.316441076756063838e-02 8.790778152799912093e-02
3.118467558103630299e-01 -1.457883519187401999e+00 2.742397506986924416e-01 4.300766950848238235e-01 1.330316965125784637e-02 4.168369832624441162e-02 3.243470441496846268e-01 9.841145583068661162e-02 1.664587818194331881e-01 -1.104682325334157139e-01
2.897384926646795478e-01 -1.402196826831921150e+00 3.125086469826872382e-02 1.589237179264859079e-01 2.241498299924423176e-01 1.576757237167757397e-01 4.040456428498806485e-01 7.732046692922849018e-02 6.542582731917825911e-02 6.120365828271681630e-02
1.479021972078551350e-01 -2.473235806008920790e+00 3.569220067914248284e-01 4.457228852765210969e-01 2.893094616368209748e-01 1.030579374260122555e-01 5.065046343580759114e-01 2.727494141696649721e-01 2.898193410587179275e-01 6.260814096762455649e-02
2.606434403589539262e-01 -2.249416013938174252e+00 -2.523543297528353310e-02 2.165240968827786550e-01 4.405064935933929449e-01 1.699172602579374081e-01 2.796566978343109078e-01 3.047548523706202772e-01 3.093795916595207252e-01 2.089310288619089517e-01
3.866347637598153142e-01 -2.741649730697649279e+00 1.206064666808199931e-01 4.751453250880251500e-01 3.605336962661177536e-01 2.512108870598206423e-01 4.259224203502978146e-01 2.279407098398039677e-01 3.110024221938756384e-01 1.020042785296738364e-01
5.213329056829081321e-01 -2.639205583003178202e+00 6.322463851991377837e-02 3.306050618542630826e-01 2.931465855253675423e-01 5.858301981511217921e-02 2.794804382073761695e-01 5.381945536229462146e-01 2.577314467802931941e-01 8.724489104943909668e-02
3.518061072024989411e-01 -2.185090435517131446e+00 4.504982532357647979e-02 1.686655411906255175e-01 3.400257941571923070e-01 9.548071233343634334e-02 5.513593108798001685e-01 3.299378994534087894e-01 1.824950287872955934e-01 1.338518929777711142e-01
4.277171195957275157e-02 -2.160261623345403059e+00 2.918110298885743803e-01 2.406321992622252048e-01 4.279116864204801640e-01 -3.748938742843976185e-02 4.107357810476220394e-01 4.213344517330371852e-01 2.015236621702767017e-01 1.560367342053720074e-01
3.313204902431982068e-01 -1.360559597793614239e+00 1.263855280447797637e-02 3.664413590386549346e-01 2.148285514220287518e-01 1.488400448436830725e-01 1.958516338683930977e-02 1.483543236267818588e-01 1.819609116749261735e-01 -6.290090856404988162e-02
3.418519783407575341e-01 -2.744049046393408631e+00 3.274144669160649057e-01 3.718062158380529003e-01 3.534250091287130524e-01 1.582390537397232455e-01 5.279947466382753918e-01 2.311040712228126792e-01 2.509670775354059247e-01 1.237532652581562753e-01
-1.468304122783017918e-02 -2.241330690351102994e+00 -4.101071800096184328e-02 4.672370645535214306e-01 3.669930455878905873e-01 1.686753465551354414e-01 3.859392875087460095e-01 2.631335220737905933e-01 2.798128487907381445e-01 2.789564082447906213e-01
2.580618237126336978e-01 -2.179849635246843498e+00 1.863319291950864542e-01 2.096909771219001850e-01 4.075677028106341471e-01 1.190065572488527013e-01 3.334313575742033908e-01 3.043561754659390162e-01 2.105776714036690922e-01 1.181913691994091048e-01
1.983455740752279040e-01 -1.257141129602294960e+00 8.753456713336865702e-02 2.339351969672742726e-01 1.057786345740440309e-01 1.530377221260852960e-01 1.527224934335429662e-01 1.146069631512343923e-01 2.185226261464763842e-01 -2.607588995218210887e-03
2.882446986418016888e-01 -1.950231554317659155e+00 -5.205531958473876702e-02 1.766221022863427859e-01 4.577111887986605732e-01 5.321780066997688213e-02 4.393283509810335663e-01 3.684656737957511252e-01 8.883069140104962735e-02 2.139978009319654095e-01
9.311205469937773593e-02 -1.893595974763482737e+00 1.950165695238719188e-01 4.963341474330634218e-01 1.219918157893206678e-01 1.916799589628278011e-01 3.523418616003415882e-01 7.417813397629174910e-02 3.621169822163788354e-01 7.746132510699875462e-02
1.859283159092395832e-01 -2.755135459761872241e+00 1.352893937524641543e-01 4.065281754666425496e-01 4.102027047239456548e-01 1.857718410714385704e-01 5.185007907480834177e-01 3.217240181721159886e-01 4.183827325016950538e-01 3.006483217394544383e-01
1.451526953001915365e-01 -2.422780134664564766e+00 1.376371957411771929e-01 3.429616493720920589e-01 4.703002060289530051e-01 1.593628175953692716e-01 3.756730800609302534e-01 3.440010784973462910e-01 1.616735367969028558e-01 1.421563504372799214e-01
4.205769809471510690e-01 -1.960306905037413117e+00 -2.089329076118985953e-02 3.415413884991379545e-01 3.208452156923691789e-01 2.394242854908013307e-01 1.225869725998936094e-01 2.975635920910385535e-01 7.359333896510436568e-02 1.193370927131079395e-01
4.090647313166438925e-01 -3.069502763909508047e+00 1.131135853182750062e-01 4.741070619288718646e-01 3.905428954739827430e-01 3.514328841636281675e-01 4.492464720215419982e-01 3.912069015281105511e-01 3.986033866770402612e-01 1.620569855677703730e-01
3.625278404943265143e-01 -2.268786237352511836e+00 2.093500819801666635e-01 5.548298926562766908e-01 1.868181358508894663e-01 1.554858701317376191e-01 1.641657206046483464e-01 2.723029304263850925e-01 3.341134132004314194e-01 4.717326285671852304e-02
-2.854194087106105490e-02 -1.115540609508204772e+00 -2.121860548912780572e-02 4.558123424216521946e-01 5.761168078712405188e-02 1.419276148871849996e-01 1.655849219719553456e-01 4.391472934010089840e-02 1.775233443579181669e-01 4.834824091131922214e-02
7.101421916828264125e-02 -1.870936568741697892e+00 8.792787839422026852e-02 1.754823171948980409e-01 3.544026961374966422e-01 1.063765721335236877e-02 1.059500851388884002e-01 4.116677252292403888e-01 1.814817073611371401e-01 9.777136958209321771e-02
1.488135601439219413e-01 -2.919290572504619430e+00 2.847232342776513936e-01 4.611561864714393555e-01 5.558320628051284240e-01 7.719814093556312540e-02 5.741760198118991410e-01 2.875149259544333979e-01 3.296379278506931243e-01 2.095107277325528872e-01
1.687549777449674770e-01 -1.824650479900385092e+00 3.393621704580268017e-01 1.512271167810751993e-01 2.998315717426168203e-01 1.087045252765406339e-01 4.988747617122100686e-01 1.877816133197593718e-01 1.445991131525670159e-01 2.849590184589846642e-02
2.565880156129291545e-01 -1.480051466944763749e+00 1.124410926721235160e-01 2.133351246916345700e-01 2.252642332778174161e-01 5.301119807862492844e-02 9.882113795075427032e-02 2.646903799924659184e-01 2.961600360995606529e-01 8.473305029759961582e-02
-3.752296408743214379e-02 -1.179589900817836323e+00 1.888408974546848529e-01 1.723077483462036874e-01 3.655305139958900940e-01 3.032290742195590041e-02 1.475794792847442451e-02 1.635457445542888855e-01 9.075950780146024854e-02 4.923235470004143875e-03
-5.865797597382677725e-02 -6.173806715668481715e-01 2.212315253877133181e-01 1.238684234136851747e-01 1.000590938268276914e-01 -1.195980309033163082e-02 2.529462123845198640e-01 2.143504234310632597e-02 3.746312850595837768e-02 -4.335417667074048520e-02
2.293036086932370154e-01 -1.973877194556096670e+00 1.797333370074135350e-01 3.076080386286764723e-01 2.857750386066678638e-01 7.936653574963504001e-03 3.129615947857948832e-01 2.174765537237398905e-01 1.980453017920801306e-01 7.516855549002686432e-02
2.144390823949481484e-03 -1.569729183031056019e+00 3.782531637125882001e-02 3.149170527059973468e-01 2.650562507737488915e-01 2.058205095397542816e-01 4.976915757322303291e-02 2.947026716345846897e-01 3.518053960142869530e-01 9.434959657613690986e-02
4.647140690475866642e-01 -3.467474095855249239e+00 2.887931796299565979e-01 5.946384640980630909e-01 4.224122217723860762e-01 3.037268709823268131e-01 3.637884913183872526e-01 4.369378963066544164e-01 4.471898480513984975e-01 1.370865319830001094e-01
8.378081218069478864e-02 -2.265590973954051179e+00 2.031063210784218587e-01 2.967541400012200237e-01 4.329865871535665822e-01 1.719700420905229399e-01 1.741243995014863100e-01 3.886370820564430950e-01 3.377567793145586084e-01 1.704044799528354193e-01
-3.058825546170530485e-01 -1.674356955465071017e+00 -6.884487081361355676e-01 -1.665739508871952879e-01 1.180065300055392674e+00 -2.541837168714527473e-01 2.932264365872911505e+00 -4.409789679435737741e-01 -2.452479468118229367e-01 -4.613690787990142872e-01
3.208741899214651583e-01 -1.861952686316777239e+00 1.653086287667342169e-01 3.819960219072883190e-01 1.560217980136364146e-01 2.074690944829895300e-01 2.498360631806173793e-01 1.079597707563526993e-01 3.208318432016866728e-01 -1.479917291972697273e-02
-9.303650740735923408e-02 -5.106761777331536578e-01 -2.685209623680788037e-03 9.946696801524812503e-02 1.104728888016818511e-01 1.276941920581882994e-01 1.840444356649579769e-02 1.956345819591233937e-01 -5.545958469415104147e-03 1.793571443538329035e-02
1.413970073795223492e-01 -1.025538474591984661e+00 6.490671077495840935e-02 2.842301442304670522e-01 1.225223106234619580e-01 8.377662612388177277e-02 9.593936117516289885e-02 2.521367526536567594e-01 2.167675108733505274e-01 4.497892389910477379e-02
-1.115784146849358588e-01 -1.019138371206127047e+00 1.117150861936961198e-01 3.540307750206534987e-01 1.233507413700339339e-01 1.624279793484116607e-01 2.771478104809652065e-01 4.892606827914947748e-02 1.124336551598779654e-01 4.315521683674141545e-02
4.185993490918103466e-01 -3.480528139309718494e+00 2.953759092475985448e-01 5.506371050239670106e-01 4.503161966275266437e-01 2.318624178016868431e-01 3.924076476480746756e-01 4.269543507658077330e-01 3.392809058456889293e-01 2.860089773985998729e-01
6.444950975238462887e-02 -1.632007574790617754e+00 6.230503804396286122e-02 2.208408472435613723e-01 1.437811803976856984e-01 -1.290405499031026075e-02 3.668930834353140158e-02 6.473039909912240431e-01 1.541571729187741768e-01 2.565869961482600270e-01
-1.707768255766647578e-02 -1.580352387059347885e+00 1.638106563954870587e-01 2.935607836202351328e-01 2.230517335048153027e-01 5.214604713580972550e-02 4.344977153761165889e-01 1.584624259596841833e-01 1.276874688071573949e-01 4.708602530177977141e-02
3.484921296585173356e-01 -2.950090849369052304e+00 2.269082938455264931e-01 4.314895912556656610e-01 4.447644099817447128e-01 2.995140224233924786e-01 3.667387023478114183e-01 3.497354293023387517e-01 4.076624872023861812e-01 1.614793935267416422e-02
5.663896529576429445e-02 -1.464688336243451516e+00 7.412484973078835304e-02 3.099511926039368315e-01 1.678299685984570577e-01 1.587744982285231587e-01 3.537743413486117983e-01 2.081554030826696100e-01 1.068192565303963393e-01 2.419672168765145057e-02
-3.111457806902857837e-02 -1.571008726479146134e+00 2.873802608239551803e-01 3.111444356730282412e-01 1.600024776306256669e-01 7.537435842327908087e-02 5.062733533750940484e-01 2.952153105150125134e-02 2.353602446603607623e-01 -1.358128723824196180e-02
-2.235678514040175369e+00 -2.815906676032654321e+00 -6.623689381235198237e-01 1.487738306508444852e+00 2.123860212486342824e+00 3.615186451898522169e-01 -2.414423090465725341e+00 -4.847892183048154169e-01 1.676660200420154734e+00 3.033632491560118716e+00
1.423522280151745360e-02 -7.846210156994584128e-01 7.172732346355661925e-02 4.998434023118505237e-02 1.496683011371082173e-01 6.518439844419803009e-02 7.750629644990068845e-02 2.910324814138103844e-01 8.076110051328255768e-02 7.052457359305421003e-02
4.517687907023210103e-01 -1.510937758442939538e+00 5.067583857115061374e-02 1.978678978070986250e-01 3.685674655888560025e-01 1.479470451730398317e-01 1.384034610709341251e-01 2.100252090292760165e-01 1.110738535079780209e-01 1.426915445809467768e-02
1.067363275650519139e-01 -1.230741312021374823e+00 3.325002240948362608e-01 -8.940813162105609724e-02 -1.561526304257055686e-01 1.232378583660570653e-01 -1.382860474750522706e-01 2.657153455611147574e-01 2.648783289693816267e-01 3.900920050887280444e-01
9.060175402679028211e-01 -2.849539936910496341e+00 -1.172100508203703262e+00 -1.141089369233085904e-01 -2.161305116751217170e+00 4.651009968879652234e+00 -6.689586378175468306e-01 1.420389936972423328e+00 -3.328921156599186637e-01 3.218776923262183787e-01
-2.413598918001185617e-02 -1.661626456763461324e+00 2.030661733716640216e-01 3.547943292138225346e-01 2.174476894984739839e-01 1.250226006407868795e-01 2.441840577382186073e-01 1.923759670640681485e-01 2.818115989650502029e-01 3.442603497300827063e-03
1.985998436680913026e-01 -2.305168502981460588e+00 3.683966826985152210e-01 2.981240237533057114e-01 2.920174431580794261e-01 5.104204201109821711e-03 4.241047374451709651e-01 5.445425537413702832e-01 1.966213466003928212e-01 1.993150327387158138e-01
1.400280352484637447e-01 -2.019738626659395742e+00 1.854860815214894876e-01 4.346177655589676392e-01 4.045637658863009967e-01 4.281255619028138254e-02 3.443922153940403574e-01 3.789742498767976753e-01 5.595436358337826932e-02 9.845065292860323558e-02
2.436322837074860748e-01 -8.754072070355733981e-01 -4.895550959222853826e-02 2.268799157039360914e-01 7.177927544424704542e-02 -1.577353181489081144e-02 3.037804672327469591e-02 3.243472722211844239e-01 3.360692597781974461e-02 -2.935880684479082875e-02
2.412732307101642659e-01 -1.061877641423933927e+00 7.558498641669368634e-02 1.580140089530856773e-01 3.983523662705034524e-02 1.092889083898354041e-01 1.242669353138558391e-01 1.874982794071511083e-01 7.308132157261371109e-02 2.580094043448235685e-03
8.925333054058395832e-02 -2.076537100293581961e+00 -2.174954129956454402e-02 4.296907402777903617e-01 3.890033669663538474e-01 8.983373780276637799e-02 2.563935723629844343e-01 3.136968751714337977e-01 1.725088188900366637e-01 2.078585859738016073e-01
4.019305705923649219e-01 -2.253578352466009349e+00 2.254473969020252544e-01 3.247725518296668001e-01 2.750941107598195989e-01 1.658032309823563033e-01 4.048670303892871192e-01 2.708318491661628746e-01 1.913026822548521688e-01 -1.721308155522214764e-02
3.727973480994852817e-01 -2.228373241653483383e+00 1.622226869906558677e-01 3.092462638235034533e-01 2.508398841196087803e-01 2.073630341613713346e-01 5.215265250230134431e-01 9.379845805056245822e-02 3.303298909982274045e-01 -8.386675598035403870e-03
-1.398619507511479057e-03 -1.577541727890936052e+00 -1.618061322601148768e-03 3.500016028418978520e-01 3.489057095659330865e-01 1.275062760226028380e-01 1.715512371944787756e-02 2.773000454413767635e-01 2.711392633970814980e-01 2.425408178694958006e-01
1.503737137226286713e-01 -9.426069955825551183e-01 -3.026866976659488978e-02 1.819462880916414560e-01 1.299836801880015769e-01 8.444760686558364093e-02 1.204883366849987258e-01 1.739883502841468310e-01 1.556517472209687225e-01 -3.955861589637814368e-02
7.838351860221602629e-02 -9.072709941603386286e-01 -1.333354188047903253e-02 8.029445983193353453e-02 1.624797692257674842e-01 5.722427685354261606e-02 1.962585319368514436e-01 8.921875240307473864e-02 7.163705059020031296e-02 9.804711226056679607e-02
-5.431638097077470251e-01 -2.393700824826747287e+00 -2.491812593666611064e-01 -2.250144816464489383e-01 2.046548293179771161e+00 -1.713671264154160268e+00 -4.213379169574986705e-01 3.004602422199999623e+00 -3.185148833060473361e+00 3.679504320356066227e+00
8.346928334430687990e-02 -2.701726184493490557e+00 1.914489616660406679e-01 4.288885224149070474e-01 3.474238377896599617e-01 1.767099001927192048e-01 4.965434524350279544e-01 3.680030801953111941e-01 5.004916777054144728e-01 1.623867134164463932e-01
1.300523488102939274e-01 -3.118172628598672169e+00 2.082248336611349226e-01 5.878879670882236619e-01 4.351155966009588871e-01 2.549247846785071547e-01 3.659242595806798115e-01 3.162938609006037960e-01 4.779958585895496825e-01 2.203811226571869009e-01
4.408010119454792292e-02 -2.291925838843729579e+00 1.647882220147660060e-01 2.963390168951083314e-01 5.007500175423240663e-01 4.155243654893297361e-02 2.302326457788221037e-01 3.865260482000956177e-01 1.834607838967061422e-01 3.211637334928050813e-01
2.170888667149156182e-01 -1.971869067715879664e+00 2.364105077995362902e-01 2.338413628748444717e-01 3.143308750859155620e-01 1.327883334673078397e-01 4.360655386052335047e-01 1.592776997887208890e-01 2.190229331587496275e-01 -2.719748127745902529e-03
1.178286276168179908e-02 -1.816665529369763332e+00 6.816336644929789357e-02 2.869664179067790144e-01 4.213221466684861638e-01 2.141493327245781730e-01 3.611167238810251701e-01 1.231268043177516508e-01 3.132286916430324086e-01 8.394302738998934976e-02
4.443680171125947709e-01 -2.626573059964122159e+00 2.819891731872566365e-01 3.676972454703548165e-01 1.913019451856826925e-01 1.460450579826713113e-01 5.600788658046156332e-01 4.254724131683875754e-01 2.822180545965944365e-01 4.004555826032360488e-02
1.329023952367572314e-01 -2.764750169366527288e+00 1.366986612510904808e-01 5.213030148208936954e-01 3.793563314918418361e-01 2.453460194299893204e-01 4.846240951334981339e-01 2.627934283679874694e-01 4.648702770799832407e-01 1.974012090277378062e-01
3.371755524028318685e-01 -2.347821549695217502e+00 1.570301199497585454e-01 1.061999424933508240e-01 3.935087918122058825e-01 1.751206664496542942e-01 6.204307723126127883e-01 2.899930424072716950e-01 3.265567489249644462e-01 4.133242518125208875e-02
7.531784392351977830e-01 -2.495998470425413451e-01 -7.684944823089332466e-01 -1.553379152682811570e+00 4.042348495866214253e-01 3.268212746983589767e+00 8.482684167923784102e-01 4.100233440219340220e-01 -2.521654029328536328e+00 -6.089772991617276032e-01
3.968302155216984151e+00 -2.126860223856603671e+00 -3.432242586837775389e-01 -6.090324732232106353e-01 2.223389145637334197e-01 -2.073058829334260889e+00 5.966958911704471902e-01 4.969729951526496436e-01 7.269715152901844168e-02 -1.900290455718827709e-01
3.464730937263745814e-01 -1.887871796020099247e+00 1.378991981021908952e-01 1.133062867660216411e-01 3.708096859654154698e-01 2.000023027682168164e-01 3.016916640680863959e-01 2.536125429485823202e-01 1.806712681200804138e-01 9.345813046876787211e-02
1.205925628903879443e-01 -1.454168077159812666e+00 2.942387642529053007e-02 3.571299190619336428e-01 1.032254485526509363e-01 1.449544189724735199e-01 3.578370807914397767e-01 -5.708580426637348965e-02 3.013327942467955989e-01 -5.648968961851223020e-02
1.974832986515842048e-01 -2.354068088029317440e+00 1.102282590644908800e-01 4.598904360041288775e-01 3.758991106406013305e-01 1.604894795998935975e-01 2.432362581236857113e-01 3.804827328376552131e-01 1.354329581527383142e-01 1.520393423621454465e-01
-1.787986573259534306e-01 -2.185340499915522372e+00 2.835114563764804085e+00 2.474008177037075595e-01 2.235714229686020182e+00 1.503575214321646980e+00 9.151989342903334990e-01 -7.132114184814273283e-01 -1.235179804884867671e+00 -3.599456974282648769e+00
2.616692725596137525e-01 -1.763606074238084576e+00 1.263294833286388308e-01 4.570075044289818034e-01 1.475005480754091602e-01 1.721317566612980965e-01 1.581875990077253602e-01 7.649108176933297476e-02 2.228220168292036618e-01 7.140747065458116598e-03
1.473710988375108444e-01 -1.124173783690353368e+00 4.442523855828762330e-02 1.058692295765015778e-01 2.840719697662850152e-01 1.095151496003436142e-01 3.650522217665059799e-01 8.931372551138923310e-02 -3.703025593544010362e-03 1.210604196639821460e-02
-3.841290342990124479e-02 -1.101162780964292986e+00 1.552481165358223780e-01 2.266628953110282618e-01 1.629280015227403122e-01 1.202114068963766429e-02 3.047997768984542222e-01 1.737151868766842466e-01 4.785733865434427942e-02 -1.200145128031304687e-02
4.680566535191983679e-02 -5.030041262728325302e-01 -8.577926782123235228e-02 1.768889842958789593e-01 8.561461033793336950e-02 6.905407969763995013e-02 3.748990390128156824e-02 2.062934686716742239e-01 -4.698816324338944000e-02 5.246385206175445404e-02
-9.818299696068784332e-02 -9.734083061168837814e-01 -6.388783827310072494e-02 5.411179522747587567e-02 4.267859198905002982e-01 -9.516998849262527094e-03 2.954718639982339967e-01 1.830950518891056311e-01 -5.033915222331610678e-02 1.603065353098089008e-01
3.037651180394888573e-01 -2.001141167187177938e+00 1.229910418692014076e-02 1.236914480581714770e-01 3.107407949545108461e-01 2.533338354216003729e-01 4.037883577438512450e-01 2.719440150616784235e-01 2.220529054680902004e-01 5.916443739980694477e-02
2.771238420928532897e-01 -1.759421549667091300e+00 1.179209688646785520e-01 2.809054180519916510e-01 2.911369800344792980e-01 1.575419803992505752e-01 1.597314329031915836e-01 2.552108231321129628e-01 2.673115434120773570e-01 7.822289916985991631e-02
3.539338647605815846e-01 -2.777446970255316838e+00 1.172130138350521850e-01 5.045940678362386134e-01 2.612839014962578532e-01 2.120486157736890809e-01 4.146737623618230173e-01 3.839757889166612315e-01 3.711389229449184035e-01 1.198245315143021267e-01
3.936675515452733309e-01 -3.026193225610069870e+00 3.195873637756463381e-01 5.315298761357397650e-01 4.388171697625073975e-01 2.487510673533217531e-01 5.294829147043298434e-01 2.177993051348948716e-01 3.914907166132611804e-01 1.169235664435624295e-01
3.811893821780619751e-01 -2.364092498699077449e+00 1.090049080046353452e-01 3.547716275148710685e-01 2.894692066617092219e-01 1.443607142449710723e-01 3.856481145111282371e-01 2.556404305896816664e-01 2.910315746103844803e-01 1.782368584460851391e-01
5.563168173007841943e-01 -9.506989643861992745e-01 -5.075785378537250869e-01 5.286083659450464545e-01 2.724942483455681685e+00 1.155498426858851513e+00 4.271410341571483804e-01 7.064985749408987381e-01 -1.832822761354181873e+00 -2.873550142179288613e+00
3.104201656438606571e-01 -3.150908557184503245e+00 2.143169137660974610e-01 5.025194788527147516e-01 5.494274061634017992e-01 2.317892091339148752e-01 4.978266733009664713e-01 3.894398775408607905e-01 3.903654137251269529e-01 2.900489098360621854e-01
1.229087727709132910e-01 -1.658013831172210129e+00 8.613605914905285432e-02 1.329267524228294750e-01 4.120201689434671577e-01 1.619069294072246756e-01 5.498433280888455066e-01 5.403325561434130578e-03 1.076007169357526549e-01 7.330369646884828116e-02
1.313530765583037774e-01 -1.379615228846131858e+00 6.641974070753152437e-02 3.382443515811981993e-01 1.956272998541814800e-01 1.381160169709520213e-01 1.828495794017274134e-01 2.024238864028753138e-01 9.231470767479543760e-02 1.063593283461576749e-01
-1.009988317386845136e+00 9.555534615621482653e-01 8.682921522391624514e-01 -1.975514245143766390e+00 1.006956226972959056e+00 -8.275147268141177515e-01 4.504911763626092691e-01 2.832313975499148206e+00 -2.546777560518971861e-01 -2.237376804962106114e+00
2.741984957317338822e-01 -1.606779924633457313e+00 -4.772182372700054659e-02 3.132705346070467356e-01 3.406193371097004374e-01 2.157804941992215730e-01 2.274321841140859168e-01 1.514341917833503248e-01 -2.914916138412466245e-02 1.802305647575457859e-01
1.425581573781198319e-01 -1.663681042007178590e+00 1.971323670658086669e-01 1.886073799402572249e-01 3.984304989068561120e-01 2.733769836025162422e-02 1.657604094387667426e-01 3.910513182193083304e-01 1.389795457798463363e-01 1.149668270990803071e-01
-3.721811067720197097e-01 -6.757843437505560713e-01 -2.906909129472676212e-01 -1.009202768520082449e-01 3.463580929326404712e-01 1.870776405143751986e-01 1.169176431045756102e-02 5.584660364231534002e-01 -7.479629969378982779e-02 4.824046718922724852e-01
1.514348065545806088e-01 -2.775118961626508174e+00 1.341071354835126350e-01 4.313582343536138675e-01 2.408757165399866007e-01 2.089262953860094307e-01 4.490696417722874756e-01 4.067193396269190298e-01 4.149598869990199224e-01 1.313532138781819958e-01
3.009900341412055091e-01 -3.089372697402644086e+00 2.523448258571797664e-01 5.349158612052918871e-01 3.535554426619462731e-01 1.516538573413030444e-01 5.555245903533565510e-01 4.209947664136582945e-01 4.349484319446718650e-01 1.166100449216714297e-01
1.416716742078054370e-01 -2.029393893537585924e+00 2.246315181912102721e-01 4.501057080910567110e-01 2.201582728142354728e-01 1.204253027154951472e-01 4.703813960015623130e-01 1.640447405185027629e-01 3.221485930896821337e-01 -1.825194774612618658e-03
1.719993428635542554e-02 -2.875604126900692670e+00 1.181886712483107282e-01 4.425901200909914124e-01 5.121998280058133179e-01 2.096183072191177277e-01 5.115948188094781024e-01 4.698281291542045768e-01 3.220611235259391303e-01 3.065083063674423070e-01
2.377506914398180016e-01 -2.596055855287479286e+00 3.558896702707231574e-01 4.385221607737205818e-01 3.221222580877981523e-01 1.330414013923681693e-01 4.763900031386557599e-01 2.018169151804297956e-01 3.782006778305973538e-01 1.688507150313067057e-02
2.110290136270587258e+00 -1.584737599833577315e+00 -2.720818662912855679e+00 1.798099701003662565e+00 1.036126221002725556e+00 -6.044803942640909478e-01 1.117771349692697758e+00 -1.627850010201859210e-01 -1.409843732850921905e+00 4.966296922166244521e-01
1.879788558663327003e-01 -1.169554362631880506e+00 9.578238099430872593e-03 4.425181549025241634e-01 1.098917625022092504e-01 1.890574056337336883e-01 3.747257057936937558e-02 1.804537358364726174e-01 8.610842448643318825e-02 4.089271118274085542e-02
4.559010769368772586e-01 -2.391840106055052928e+00 7.121410839821327998e-02 2.082286824173524009e-01 4.331742120203315727e-01 2.568958565907195624e-01 5.093863242474545583e-01 2.651320502932869583e-01 1.901974874637193946e-01 1.557885620024195006e-01
3.744844000612337909e-01 -2.971799628366995627e+00 8.159349523146282313e-02 6.022508261687096187e-01 4.407190754521114751e-01 3.919305100246642803e-01 5.424027623837254231e-01 1.319271882240207194e-01 2.413912441615874149e-01 7.867933087922421298e-02
9.052408564532501978e-02 -1.022677168182553720e+00 2.248154308747626548e-02 2.474020074101404565e-01 2.122598283350518866e-01 2.384344214214926747e-02 1.713087301064739054e-01 1.437431275398281527e-01 7.827026224013121369e-02 1.577458109972321165e-01
1.058278476662259521e-01 -2.037818704897433442e+00 1.104339154350739427e-01 4.040681234902299135e-01 2.711055282437634384e-01 1.128088455401797391e-01 4.269103200324895764e-01 2.996783740322195300e-01 2.528498503253169272e-01 1.661548460706176178e-01
3.906095178626621811e-01 -2.580708808872199889e+00 -2.173267074559504658e-02 4.325867959544626440e-01 3.319760487801762805e-01 2.851625243807993093e-01 3.421048803081978007e-01 3.777432253207471669e-01 2.637491116197756558e-01 2.208005362254359394e-01
1.532459645056175601e-01 -1.952694871246940744e+00 3.526147650112363419e-01 2.008934645872573199e-01 2.758032771112116643e-01 1.013727603969897112e-01 3.593326504378452357e-01 2.529375738039281174e-01 4.217191121279091903e-01 4.725401297811609308e-02
3.371160557616026399e-02 -9.935494851596986532e-01 -2.248196172067306806e-02 1.436960319615102621e-01 2.933340821917381769e-01 4.708384647937968043e-02 8.185673578853365495e-02 3.604408200521008188e-01 3.983189872807640225e-02 1.418609480062044403e-01
2.903904247817481465e-01 -2.737863044369162946e+00 2.827665680324928932e-01 3.470673971338099628e-01 4.527475803741706217e-01 1.884198747809253949e-01 5.346276149574502590e-01 3.082034670277854493e-01 2.636887833399849668e-01 1.596278640095769030e-01
1.611452401184598759e-01 -7.055046428472249165e-01 -1.424610049954139722e-02 8.153898232849836336e-02 1.659184039746476325e-01 7.155514095676643663e-03 1.416785487724345205e-01 9.332370492892903824e-02 4.108505225099130104e-02 -4.099012481519613560e-02
3.114612423249430995e-01 -3.042208631455739276e+00 1.854321819717403286e-01 3.386478437230112104e-01 5.593687886131684106e-01 1.761345129023916267e-01 4.576933148489845671e-01 4.601098704605000589e-01 3.791040645630251449e-01 2.661925992902822724e-01
-9.659152108533872183e-02 -7.056021055357449834e-01 3.803146273398595734e-02 -2.268866870735347944e-04 2.014066651632803462e-01 1.191599391421896414e-01 1.383792181156500711e-01 9.338585181963160453e-02 5.759475238503830585e-02 -3.013768940959946421e-02
1.930222592206514709e-01 -2.184460218688233812e+00 -1.348505154728863072e-02 3.155885800519215856e-01 2.680477461957897489e-01 2.266152843947803752e-01 5.770961751347102320e-01 2.209747564278242982e-01 2.004296834194798649e-01 2.059363414628613553e-01
-6.237856858905120594e-02 -1.309086916059440497e+00 1.058605743535600135e-01 2.059765910193379346e-01 3.683526527265628125e-01 -2.329206933454272543e-02 7.147044192731874523e-02 3.162205369662824395e-01 1.911778003583355645e-01 2.018434521433601359e-01
6.151248799095807539e-03 -8.595004602184584952e-01 -3.216538135791749409e-02 2.838906596637431612e-01 1.013285272543946319e-01 1.117006875664192517e-01 -1.195007382153158784e-02 1.965302582803893916e-01 1.296430812040957892e-01 7.121111545445241338e-03
-1.019564226481447893e-02 -1.314392681313946376e+00 3.439381817194234886e-02 1.690974718820602851e-01 1.960085661103454502e-01 1.261942581575182243e-01 5.219954965983575335e-01 5.136419697652024746e-02 8.035680763494242040e-02 9.411188619803090294e-02
1.975111506531456451e-01 -1.759785974578099266e+00 3.933620458571448347e-02 2.158954777129917513e-01 3.095059837886833809e-01 1.927049239480190801e-01 2.901389986244380381e-01 2.688100915458453422e-01 1.476092275421258815e-01 6.280039419956924551e-02
3.969466491469012676e-03 -2.596948296730841488e+00 1.120143489032327522e-01 3.783012889481368046e-01 3.972281357666340162e-01 1.657357639868151378e-01 3.050194427420785392e-01 5.055974110943293187e-01 3.973153604193727095e-01 2.724082431596948628e-01
1.769271424559503425e-01 -9.338178815789894838e-01 6.504136251568806704e-02 1.643688205093828403e-01 1.337999907179998615e-01 1.608006936131630982e-01 2.398413128976959463e-01 2.591517291401245274e-02 1.226325656731817870e-02 -6.686743558337700233e-02
3.588993608845502670e-01 -2.591608771595495853e+00 1.574333530706894246e-01 5.760008437488856048e-01 3.252812727176648266e-01 3.187519481769562346e-01 4.202906000280727250e-01 2.247393778263381825e-01 3.524796029849148749e-01 2.866997161004930170e-02
2.841938638121431771e-01 -1.593985972378747284e+00 1.469691023143027998e-02 2.035141092466397628e-01 2.978117674082740307e-01 5.286482908981895990e-02 3.514520982928662218e-01 1.875968883933842035e-01 1.184274340629781486e-01 8.937490843391970863e-02
-7.958393998940353764e-02 -1.117954517761522215e+00 1.812787666144964893e-01 1.500519907762700722e-01 2.824570278533370393e-01 4.933724712948617946e-02 1.781101690851274455e-01 1.651612607981524650e-01 8.991985008566251436e-02 2.579085851996641698e-02
4.444628123714500223e-02 -1.825567011034519016e+00 1.314919149207149918e-01 4.303649298594482975e-01 2.213192187278615330e-01 6.827883597017618544e-02 1.633372650912925661e-01 4.534407950153470646e-01 1.883540298307440353e-01 1.877320122533172597e-01
1.032755752905621049e+00 -2.145169183352775732e+00 1.462020894559535211e+00 1.170897610205830386e+00 -2.252536472048385807e+00 1.092815830295583490e+00 -8.596971164255152731e-01 -2.212869214736748802e+00 3.708606207932879428e+00 -9.317327968521649240e-01
2.564764371584095648e-01 -2.270263546139183131e+00 6.270620652949582263e-02 3.523342169741603414e-01 3.600350977035747801e-01 2.331863380056348467e-01 3.159916097537908142e-01 4.314324524650831605e-01 1.612387080155614216e-01 3.008792854894203339e-01
2.784558515397542733e-01 -2.691007350345026250e+00 8.730938826547475495e-02 5.056321365784911537e-01 3.318008957688961535e-01 2.312001402650795678e-01 4.840093023633729175e-01 2.174811886871682587e-01 3.289768307089566690e-01 1.250462195334681448e-01
-3.776983025317499909e-02 -1.393112780047079946e+00 6.690273338679875170e-02 2.452817341419854524e-01 2.591610335240915886e-01 2.207655370636760761e-01 1.661543559588946894e-01 2.654458660546960003e-01 2.186567873112019167e-01 1.317248644470916108e-01
1.429723463900354485e-01 -2.670454719242015607e+00 1.533486174043572903e-01 4.668738158638302549e-01 4.225882550616095745e-01 2.077983700524183019e-01 3.628461368380666019e-01 3.401056342675656818e-01 3.812060152318258455e-01 2.427824626700462451e-01
1.086579065529247601e-01 -1.063573596121368592e+00 -8.253430607028766630e-02 2.956537015493416742e-01 3.327209584163214329e-01 1.446813274140809624e-01 -5.219525707244592611e-02 1.831833380132173728e-01 1.136698603094825066e-01 9.158056120227472952e-02
-5.944796749054965801e-01 -1.470356308724226402e+00 3.502060617724089830e-01 1.388163122964518881e-01 -1.000343922438733602e+00 -1.261234754053967289e-01 2.796580079885157000e-01 4.658143216635365569e+00 -1.478156527733522352e-01 -1.779518502747174713e+00
2.892110261648574987e-01 -2.302374525378184877e+00 7.480920256487340325e-02 2.879608530260736043e-01 3.732579769215594312e-01 1.358258904290520208e-01 3.570502082226414409e-01 3.323952514758514165e-01 2.746040444033847061e-01 1.152444180423676245e-01
3.362498234414306730e-01 -1.977209341946573495e+00 2.207690472911987556e-01 3.387583765543616399e-01 2.138010832852026144e-01 2.535804425758394487e-01 4.769915833927070858e-01 2.185476205808528985e-02 1.208361437927787246e-01 -1.369825391394873526e-01
1.958132046313155183e-01 -2.404600681769376358e+00 1.111442027047401387e-01 3.210770762491170771e-01 4.268282749911025964e-01 1.952948229875113573e-01 2.839567040857941538e-01 3.270823333486136963e-01 3.657078501933941350e-01 1.641548967466188447e-01
5.918493577875663103e-01 -8.727126786761747468e-01 5.202626681076916171e-01 -4.368561633013601786e-01 8.574647724928005088e-01 -1.213386073611673499e+00 2.163718925496116441e-01 2.032357741412619545e-01 -5.552372392951292479e-01 5.195586805096769067e-01
3.068622228127036444e-01 -2.544247192781369016e+00 4.723421772153298809e-02 2.851688735692097243e-01 3.372331055676274780e-01 2.152562934848659959e-01 3.904704018464250082e-01 3.606485903231768653e-01 2.845994373786824294e-01 2.297020917847258370e-01
5.084203967004253394e-02 -1.999097119483517204e+00 2.748641030054876921e-01 5.039544003725969779e-01 1.497702042759999352e-01 1.966118694236111686e-01 4.413855008696913607e-01 5.722669719436584285e-02 3.507715611404941258e-01 -5.104202740491543822e-02
-1.229606780036963110e-01 -2.885212535581429094e+00 3.146214843513749360e-01 5.419376401665022547e-01 5.922969217521649732e-01 2.022241702037070321e-01 3.722424009246427246e-01 3.990590352275921737e-01 4.960717447580432204e-01 2.325567480724159419e-01
2.678846506087543822e-01 -2.536017151661157598e+00 2.271968882794726807e-01 5.306256660217417709e-01 2.968432516101068841e-01 2.904869705265614166e-01 5.326976609868412371e-01 2.004808459068459225e-01 2.389888638111465347e-01 -2.682420880838959354e-02
2.198459407278036404e-01 -2.466969566687345683e+00 1.412129833918791821e-01 2.451923857298261844e-01 4.106827815487007483e-01 1.740056218358255746e-01 5.103843579688738252e-01 3.316729750644521468e-01 3.280143845393954094e-01 2.389090229502271734e-01
-2.240599907055980111e-01 -8.817736540207773421e-01 2.913815202258621673e-01 -1.939825860972691218e-01 1.289234472932540843e-01 8.658332043416214208e-02 2.635152913380017226e-01 2.330332451851975864e-02 6.067359251350611105e-02 3.270218225171718784e-01
-9.052383525662174163e-03 -1.066434103530482069e+00 6.353254167857463885e-02 1.921231037790323282e-02 2.533309735105208071e-01 7.034707199671763611e-02 1.847708798482632919e-01 2.399499138691963129e-01 9.581493551306270728e-02 6.513444534997367419e-02
1.491955804943604358e-01 -1.349897771121739698e+00 4.236051277400253862e-02 4.338545221520802020e-01 5.570933086599931527e-02 9.886788300096698012e-02 1.486003611045136341e-01 2.970034662066183828e-01 9.786150324744179174e-02 3.565825718451452048e-02
1.093347490531909327e-01 -1.861374360183649879e+00 1.428572946717124315e-01 2.583830180144469635e-01 3.769613183668946710e-01 7.422898408887160238e-02 2.451738698521015170e-01 3.135188218589964326e-01 2.069893914822812930e-01 1.048550931586584856e-01
-7.413352179733238845e-02 -1.887474032541777369e+00 2.121618458876387836e-01 4.130188365469570355e-01 2.902303536291029468e-02 2.379219385156208788e-01 -3.909293177578667677e-01 4.845265140963274653e-01 4.495193920351071570e-01 5.649887975027056974e-01
2.945659727212642798e-01 -2.288702913120089999e+00 2.313372951318554138e-01 3.621357761865169889e-01 2.979688758482731403e-01 1.183142267075635440e-01 2.540312913438718123e-01 4.198601631735755513e-01 2.874975952025066173e-01 7.179659418473710586e-02
3.497045318928404534e+00 -3.722615960908458810e+00 1.030512273893220004e-01 -1.341973689313160412e+00 -7.134928446647202938e-01 -5.973157828716926243e-01 5.021081679992769331e-01 4.931031919634276672e-01 1.929145158491147205e+00 -1.132820734603744856e-01
-5.925563169130019375e-02 -2.119883079224340605e+00 8.207755196607574577e-02 1.771888108947626550e-01 4.010512133974421523e-01 1.516284460884452234e-01 4.015847858163764661e-01 2.708383970158044773e-01 2.035206128780755463e-01 1.681759421225214046e-01
1.310200023240840339e-01 -7.964286315539848005e-01 -3.293706739978194409e-02 2.114350962256863475e-01 6.753468787443162036e-02 1.027195279553976826e-01 1.006003640961539991e-01 9.968277194692268250e-02 9.855408355288990466e-03 -1.164480387629358432e-01
1.311408688263213107e-01 -2.767857851364554200e+00 2.946097023181575292e-01 4.475556863970523436e-01 4.584340753140082048e-01 2.076147225682241915e-01 4.687354437440910404e-01 2.912369511699939850e-01 4.129318412404798244e-01 2.300478374462374964e-01
6.116230292508895161e-02 -2.651445339289150382e+00 1.641165399524118773e-01 2.838491381275932146e-01 4.299936898227993409e-01 1.490102934945447266e-01 4.477284807230966779e-01 3.476482182888865902e-01 4.009576856268330936e-01 1.956230690258447535e-01
1.910712266132199022e-01 -8.176375983789747615e-01 -1.131441701162386876e-01 2.864654089502721018e-02 1.817768316714500620e-01 1.677663088026751931e-02 3.366464089232879542e-01 1.474188501042046351e-01 2.314849456777722664e-02 2.017061781985824212e-02
1.319048503168202213e+00 -3.307427326326430883e+00 7.029446690290533373e-02 1.062002486083782893e+00 -2.448286358746516012e+00 -3.223162140055491065e-01 2.718379104451276618e+00 2.731820378304260499e-01 9.815317296551665516e-01 -5.211774040845050804e-01
3.565866643651314782e-01 -1.887248203474534369e+00 5.699649666774665724e-02 1.963213300188257904e-01 3.007186260681763423e-01 4.912312180560626101e-02 4.686176554062031485e-01 2.081202728189566475e-01 1.517119995173523417e-01 1.556263093220684041e-02
2.940831506031033604e-01 -2.835809963217198248e+00 2.606226170323546198e-01 3.036945674673632856e-01 4.426122049718229645e-01 1.785046908553275802e-01 4.393760362078603099e-01 3.531374311359917195e-01 3.807222399001717883e-01 2.726482273915587506e-01
2.382237839754872410e-01 -2.496582241505589383e+00 1.829483804571989947e-01 3.176868000602756648e-01 3.590884260031911857e-01 2.261985983157900060e-01 4.891370618429716211e-01 2.345363536921741543e-01 4.382271843017265245e-01 5.723342612084643399e-02
2.587793496306661778e-01 -2.627932017031513912e+00 6.391790053754144163e-02 3.301446920766428206e-01 4.331083473015481244e-01 2.533166387930295138e-01 3.074419505915362283e-01 4.931367609943617669e-01 2.799280374413115613e-01 2.122864117581492183e-01
1.568856978190336093e-01 -2.639529796165033915e+00 -1.449404551803714358e-01 2.251039930516744447e-01 4.880662940916863368e-01 1.611129882842863847e-01 4.087772699132289911e-01 4.821003890390241908e-01 1.107286292500401781e-01 3.886365680259390443e-01
-1.062523097836886726e-01 -1.105545962576544028e+00 -8.075810833044415327e-02 -9.901273020363308627e-03 2.615670987544324033e-01 9.410670278235608310e-02 5.431975616786165195e-02 4.882131823860842434e-01 1.808964133624944293e-01 1.392720291666100230e-01
-6.741254247543333467e-01 -2.587730686494636778e+00 3.401919098997165936e+00 2.068266597951804453e+00 -1.889024388728389514e+00 1.117561388556506941e-01 -1.812968313799020903e+00 4.012407554221038453e+00 -7.216349596078545092e-01 -2.110021783249267813e+00
1.538052447692457858e-01 -8.020668483063860821e-01 2.384744043331334384e-01 1.227650696472902953e-01 1.266171546544215543e-01 2.739124737083016570e-02 1.702670072725296080e-01 1.421637028525061797e-01 1.106357668517616299e-01 -5.926587303806016976e-02
2.801688626288023065e-01 -1.864565091164835708e+00 4.518868110007843303e-02 4.098479040391179162e-01 2.238564000421095490e-01 1.770246520135914936e-01 1.753913952856336611e-01 2.790965266359370922e-01 3.194152061573889978e-01 3.371442256347755018e-02
2.427786593650461955e-02 -2.202970674906512549e+00 2.505107910658699866e-01 2.066292544311891244e-01 4.152134881334764716e-01 1.859202703170814153e-01 2.875302101813589362e-01 3.331831597128858125e-01 3.524313512829410078e-01 1.593767568129460521e-01
2.672715876919230515e-01 -1.684502961787822439e+00 1.244164024506736604e-02 2.897417344047251153e-01 2.398623143552411074e-01 1.697720458138209099e-01 1.697209920900527580e-01 3.363969678946301944e-01 1.228711235855542983e-01 9.573366660826958252e-02
-9.649307156230000487e-03 -3.865936445781159025e-01 1.546775976068162917e-01 6.081718079163395130e-02 1.866455329054206025e-01 -4.432102076260206747e-02 6.034142512211165127e-02 1.574581775947520024e-01 2.418372216803196806e-02 -3.888696019733914322e-02
2.063830100237848408e-01 -2.087100280717504308e+00 3.058590747030177637e-01 3.209873309955215137e-01 2.753919209623303388e-01 1.487818748769700883e-01 4.697305726840042550e-01 5.830784703881339293e-02 3.468552916747573156e-01 2.862406161812627858e-02
2.872408572187677978e-01 -2.462270569167992917e+00 2.530294078226762999e-01 4.416833296835787626e-01 2.602206148109301176e-01 2.517227620119146803e-01 4.746717472695786699e-01 2.588023335159487237e-01 3.077017631718937385e-01 6.254719776901274120e-02
2.687846168918368583e-01 -2.103312763237752403e+00 1.783975151626421007e-01 3.814640239144848066e-01 3.377181856380898628e-01 1.902936387845047816e-01 4.060695794071395581e-01 2.046780822659929056e-01 2.198930810592185925e-01 1.362890125084226245e-01
-5.504370603407636453e-02 -1.089180518786844187e+00 3.373057034012395122e-02 1.963822764893410622e-01 2.770206027917500036e-01 7.692220609450108049e-02 1.456343884347892359e-01 9.624749968469850647e-02 5.220323943221398533e-02 5.734933352337193146e-02
4.099408073166860289e-01 -3.397615468837798414e+00 2.852569999311493909e-01 5.448044157221394457e-01 3.966226435652631110e-01 3.047414064149681634e-01 5.881327608513280403e-01 3.536460311108878263e-01 4.068284338196889727e-01 1.718012743700446654e-01
1.290242226065576592e-01 -3.034312445044300421e+00 2.176536744648066013e-01 4.873712719759917267e-01 5.184231944761961142e-01 2.465232841545151321e-01 5.435396536699237391e-01 3.296234720999549062e-01 4.063933290708673374e-01 2.041866068765270381e-01
1.807121028113857497e-01 -2.508460076076204359e+00 -9.485805989136682215e-03 4.328549497974755189e-01 5.084328595268311490e-01 2.195525229386759980e-01 1.970491941568104921e-01 5.123437572814718566e-01 2.637876570421003875e-01 3.457863793625992055e-01
2.438176827646763162e-02 -1.100317457339339278e+00 -1.818605035930132398e-03 9.173583071032967440e-02 2.041971348625570559e-01 2.419896086825430725e-02 3.945770591228021651e-01 1.652256677607802926e-01 -1.160158457812027720e-02 1.114126912642423445e-01
1.847413950745490363e-01 -1.956091946973553375e+00 -8.162892597952446649e-02 2.901870523790589518e-01 3.546566936062214292e-01 1.565323597284421220e-01 2.816375514402205682e-01 1.502860055281844132e-01 2.898091013021609208e-01 1.539942518292192197e-01
3.492547649936124099e-01 -2.188882123940398383e+00 2.259774797483722064e-01 5.057313163336183415e-01 2.073816843850652125e-01 1.685908887994866656e-01 3.030156625588464880e-01 1.524884689046547281e-01 3.422968284411639361e-01 1.164852689565391841e-01
1.826708078862226414e-01 -1.130832415112247746e+00 2.394558011237652231e-02 4.613866032175111681e-02 3.397208622569053982e-01 1.597241019534963447e-01 1.369055230679129820e-01 1.290681155358992249e-01 2.104658120554327716e-01 -4.317098050169197905e-03
-1.605515887996784297e-01 -2.306599016754730336e+00 1.037767617049760949e+00 4.277576425308796670e-01 4.286910341944609293e+00 1.625113837702897857e-01 -1.100744375252315360e-01 -5.416546191569278079e-01 -5.516357614562842349e-01 -2.318631563569751197e+00
5.523128511545724040e-01 -2.397407592412824862e+00 5.209920764467482202e-02 3.461617073232204911e-01 3.722217058181766514e-01 2.619504779944969441e-01 -3.471380983143640409e-02 5.265449939937271173e-01 3.390039701525404681e-01 1.820941589038478914e-01
3.471529203530929752e-01 -3.209446840285260283e+00 1.619147912960080538e-01 4.813877822762774872e-01 4.754967669611399050e-01 3.106633896313505394e-01 5.202623710107856514e-01 4.773247917468224077e-01 2.721913643627573154e-01 1.777889006011831030e-01
-6.000568215641697428e-02 -1.894567852991451806e+00 2.158760892440662049e-01 1.844411127346429480e-01 3.744260394856217533e-01 5.457675891265100637e-02 5.669124251000644543e-01 2.524080415528845434e-01 1.515666449351730227e-01 1.881246854693818804e-01
3.909448749375393217e-01 -3.386706624665822396e+00 1.733381679611446513e-01 4.729515131605647182e-01 4.063310726591679578e-01 3.591666064605084085e-01 4.810683831063510274e-01 4.556282741930425262e-01 4.647237449800201703e-01 1.406014375628795166e-01
1.626167402935106421e-01 -8.512940925038460227e-01 9.589648712397015606e-03 1.445311116863112200e-01 1.251008337721724872e-01 5.374508280426954637e-02 2.083019011762568817e-01 1.589108063627931722e-01 -2.267706530483209332e-02 3.404481192617447600e-03
2.701684980539406089e-01 -2.565152284666633697e+00 1.412878500024614126e-01 4.761314739006305974e-01 1.787731200356280636e-01 2.520014454005548021e-01 3.707411322150316879e-01 3.598712722300145272e-01 3.739294914886036603e-01 9.058149241423671394e-02
-7.020557203794309808e-01 -1.194010582006409082e+00 2.873973795982641022e+00 3.692102938661460776e+00 -3.826308015676136987e-01 -1.347807327532313915e+00 -1.642599436152797576e+00 2.929738636637165605e+00 -2.091111628577209558e+00 -2.259592325209991870e+00
2.930516760330029169e-01 -2.182394387824970305e+00 2.024080255087261637e-01 2.995331634340174798e-01 3.011836529242967186e-01 6.008352187100074460e-02 4.629699756392008925e-01 1.258783146387264240e-01 3.807759994423877137e-01 6.594000487772995467e-02
5.337248587404616051e-01 -2.094563003231540765e+00 7.303538360337336055e-02 2.937961419773086336e-01 2.886195803414774441e-01 2.524828757663675760e-01 4.081904512307641397e-01 1.440075711885966392e-01 1.794993470786612200e-01 4.189198480604872793e-02
2.106086900267703232e-01 -8.143390544880150239e-01 1.418513272018023970e-02 3.702326295195373929e-02 2.696130934860481165e-01 1.487347141007506202e-01 1.351429427169291153e-01 1.805669922870102861e-01 -1.653490927475180505e-02 -2.322306248772480070e-02
1.636877323337407319e-01 -2.644635081462754833e+00 2.636255713623306129e-01 3.812527355572185583e-01 4.745321878803140936e-01 1.117996985337330329e-01 5.290342833784832388e-01 2.238954518289417994e-01 2.014250653210575559e-01 2.213231210708848373e-01
4.826275754419424024e-01 -3.311529659249933921e+00 3.291468266746312987e-01 4.008593803290544377e-01 4.589025373963310228e-01 6.956512161506030190e-02 5.836654571724165796e-01 3.860911829234990322e-01 4.167931637163742042e-01 2.352833965710268427e-01
2.415467312932008392e-01 -2.095831626403299008e+00 5.264129828658758309e-02 4.156955813761027962e-01 2.540129861336665740e-01 1.974751730415747197e-01 2.349968947214271520e-01 3.757780606064908269e-01 2.933742088541500537e-01 8.036427498007953085e-02
2.020680559679304267e-01 -1.862984608634967731e+00 -4.522275374002981269e-02 3.238222010111468929e-02 1.934429890637172356e-01 2.887798894544457706e-01 4.448837272206171978e-01 2.934761035671039631e-01 2.141613924521266477e-01 7.845578811301086308e-02
1.162394193268642573e+00 -5.218740460829802696e-01 2.633435553727824008e+00 -2.219033080259694479e+00 -4.575456224383377957e-01 -2.905391020869072083e+00 9.227372272414907650e-01 -3.398205468530915985e-01 6.021859705041775479e-01 1.245675531409626391e+00
2.570826821841477039e-01 -1.946412186404457012e+00 5.685073300555677778e-02 2.953838240261972836e-01 3.336411886759798051e-01 1.433235497863433461e-01 3.312377383907815775e-01 1.786173917272378397e-01 1.356147086375200095e-01 1.323258058169688167e-01
3.932557716542739445e-01 -3.115201015319101874e+00 1.227052164073371976e-01 5.184483770011009129e-01 4.621905335676648185e-01 2.939747222478001354e-01 5.879680131446879399e-01 3.454584888874160931e-01 2.917035220446353994e-01 2.130105832788336540e-01
7.977656695882925919e-02 -2.396463892164780063e+00 1.680258747866834323e-01 1.792647776088830969e-01 5.740300029438394347e-01 1.164551137739723297e-01 4.172695536040150199e-01 3.484938597554331774e-01 3.203495247436383142e-01 1.682901761921029582e-01
2.460387306445163402e-01 -2.071969186918767303e+00 1.939011358865398160e-01 2.900364383450813599e-01 3.747378151856383122e-01 1.238984787371581464e-01 1.483020676804575055e-01 3.036375614430814052e-01 3.229753815524988303e-01 2.865776973301116179e-02
-3.027374948082769412e-01 -2.364640400348965610e+00 -1.121770705112974165e+00 -1.452243559103819415e+00 1.222657862607868351e+00 1.530300440260827344e+00 3.723026658885513207e+00 -6.650160616087645860e-01 1.148372041219766437e+00 -1.660489148944739313e+00
-8.382835467901210424e-02 -5.138291503050638198e-01 5.923529015458655483e-03 1.247594378765715661e-01 9.579994806249038375e-02 1.271258763072141695e-01 5.858306229241218299e-02 2.316165948594021418e-01 2.618095789439984014e-02 -3.845935599920365967e-03
1.857403865371298479e-01 -1.024854766548726426e+00 7.370803670275999364e-02 2.775390158481337299e-01 7.051267551807681444e-02 1.235635852420112757e-01 1.091392839072595072e-01 8.941152813287728263e-02 9.850300870636101436e-02 5.345242158428298307e-03
3.670310725390636408e-01 -1.241096506331145433e+00 1.037310174145984337e-01 1.588793161505988594e-01 8.899381129878602970e-02 1.695900346719183549e-01 2.989998550077065387e-01 1.340863249099569499e-01 5.319359661765363234e-02 -6.007804442275525847e-02
-7.909656388248965248e-03 -1.834727935605024784e+00 -6.084969876033575337e-02 1.869950301964134753e-01 2.542305206264044437e-01 1.198867737379297610e-01 2.551126461204400453e-01 6.286824523808657306e-01 1.093335251649770884e-01 1.152141255962321198e-01
4.422528434088546234e-01 -2.847106445352531878e+00 1.422377159042055583e-01 4.307418742219314978e-01 4.079525611231443749e-01 2.460696382203962640e-01 6.046943588196566077e-01 1.842347378006806841e-02 3.663353719845796608e-01 6.710699289762657449e-02
3.363736662391001997e-01 -1.491257487894316336e+00 -3.779005329901712756e-02 3.681544873918167760e-01 1.599297831286034810e-01 2.211705895128431298e-01 1.078181993375413317e-01 1.242502796464882292e-01 3.410537179945526132e-02 7.938243685471579880e-03
-3.932400068830969181e-02 -1.258638829176862428e+00 5.790676180957039093e-02 1.680297091440788315e-01 3.627904143131882031e-01 1.160668919310512415e-01 1.762384035515170144e-01 2.106270434778647060e-01 1.727533559949181452e-01 9.012488854453981624e-02
2.111532251220565315e-01 -2.638561615467122312e+00 5.012767208390229989e-02 3.787233468377058654e-01 4.385959588206318482e-01 2.397536012134064698e-01 1.738894658165542617e-01 4.255280786044966512e-01 4.108917360072673053e-01 2.370591448134495571e-01
4.365202883197850658e-01 -1.853799522971255165e+00 1.817442596051052350e-01 2.865956564058092515e-01 1.020149629087248183e-01 1.035499560727505819e-01 4.567816905418706219e-01 2.352925115317386073e-01 8.799092136339031756e-02 -9.409934280819053781e-03
3.947201999424009844e-01 -2.983881904502389659e+00 2.477963728727404502e-01 3.783475596122641837e-01 3.303793543626769580e-01 2.298582596076907958e-01 5.597634968858143933e-01 3.297136341725635522e-01 4.017295966715416222e-01 1.257842307712095375e-01
2.122380750561870533e-01 -1.708779288746051783e+00 1.114164890827036014e-01 2.509957492169453963e-01 3.089753260628342324e-01 -7.730190060972192204e-03 2.558380497773499185e-01 3.274306189371981035e-01 5.358367956638487167e-02 2.065691526049779903e-01
8.793818313347685767e-02 -2.152181657086352562e+00 9.708006240802295739e-02 2.562207537755797349e-01 3.252815638332823833e-01 1.891191043954673912e-01 5.005994205196284685e-01 3.192649204319661926e-01 2.591678396570228915e-01 2.142179748548903029e-01
4.448748070412163469e-01 -3.304383412262959840e+00 2.019591652333271314e-01 5.227777304304767059e-01 3.621063200400791993e-01 2.714326046290858607e-01 5.171278827554104396e-01 3.803644601210416365e-01 3.724319605396449462e-01 1.450283150269026100e-01
6.191861697882536375e-02 -4.333537045407338528e-01 -5.347652798825239251e-02 1.142887988096509821e-01 5.939069098087061682e-02 -1.538206318096591897e-02 -1.650004351869400337e-02 1.227517426408627349e-01 5.281268454639132665e-02 1.911800612465568497e-02
2.749307404866960236e-01 -2.710889900264649821e+00 1.628278703445839581e-01 3.787749283898724784e-01 4.701470133850565447e-01 2.242759696158334870e-01 3.971153494292835595e-01 3.947011870002567480e-01 2.520794440529764424e-01 1.767800719814441590e-01
2.198324012163997143e-01 -2.414699501877379806e+00 1.937697006795949528e-01 4.377000573507404124e-01 3.106532019885043794e-01 2.436618525983061667e-01 1.917125182622292923e-01 4.241407575109523154e-01 3.033217234147002062e-01 1.860731372063933742e-01
3.413352841940104909e-01 -2.608759743009271492e+00 9.030530856994985200e-02 3.755995793212889011e-01 3.341164129257123139e-01 1.637788402900835216e-01 4.772641575404391046e-01 3.312520865215490273e-01 2.927234642937419085e-01 1.947227705602233849e-01
1.094965456419921129e-01 -2.426717960204550995e+00 3.534833539335208857e-02 3.219536071826765156e-01 1.404042119288879120e-01 3.130970856258432078e-01 -2.982918718915890735e-02 7.166602058997559865e-01 2.296399374221830270e-01 4.539980750991910452e-01
2.055916465657574577e-01 -2.713520494135439609e+00 2.600427664059026256e-01 4.545066289492571965e-01 4.110916978197855509e-01 1.756720460189739597e-01 4.716672406566404518e-01 2.397749457918867122e-01 3.658531429515914368e-01 6.945316346112249961e-02
1.434637295372866994e-01 -1.616789839908100435e+00 2.075531388245393793e-01 2.392121532250902627e-01 1.825319914132539634e-01 -4.038415306117450025e-03 3.396419200447253206e-01 2.283304162359269807e-01 1.135829831452108418e-01 2.761664993174854990e-02
1.270751521820989716e-01 -2.105776416983431876e+00 6.763522730754899237e-02 3.909941705429648140e-01 1.380832483094065755e-01 1.655732517413881499e-01 4.371816633697484522e-01 3.524396758269698893e-01 2.670042832960977108e-01 1.212402364415177680e-01
4.082990473280510568e-01 -3.148869817581536612e+00 3.237863804645197963e-01 4.410761393232471850e-01 5.363151965353203376e-01 2.856129675003519219e-01 5.004855724607040202e-01 3.174011563658657997e-01 3.408440073604014353e-01 5.139151288838011977e-02
1.977393284403664020e-01 -8.680751550186033283e-01 8.972176548703357513e-02 7.866329010105246877e-02 1.991082965489638923e-01 5.543534773034670265e-02 7.022381512675777981e-02 1.897684115660647486e-01 9.501706314534896780e-03 3.577496356414334305e-02
7.479653173209092898e-02 -1.939074120097795007e+00 1.253112087033838307e-01 3.345094715448009293e-01 3.744318037091561302e-01 1.568405426315140072e-01 3.648419749641058640e-01 2.218821262123645555e-01 2.325365027787775762e-01 1.122939814271624176e-01
6.699983886448535042e-02 -6.826348651648487253e-01 1.107303658578699494e-02 1.374800518280221706e-01 1.546628896028228450e-01 6.148363343581795398e-02 2.565700959198261022e-01 -4.811992898058149032e-02 9.298027566303750102e-02 -4.127151238967714797e-02
1.948480299972098762e-01 -2.416191257594378250e+00 3.756609650166720105e-02 3.042151903185178474e-01 3.966188286693350107e-01 2.168546716044177092e-01 4.624695120522633873e-01 3.246562398436463326e-01 2.614150671835138717e-01 1.841895755018633507e-01
1.788242848294784304e-01 -8.069336912293397779e-01 5.656849735279657204e-02 1.057389047227758894e-01 9.304289625867662172e-02 3.120488251759218415e-02 2.323790231906233406e-01 1.249169665449324090e-01 2.921464618877833708e-02 -9.420906273078358262e-02
-1.128535894532126105e-01 -1.818601572856930693e+00 1.534936550315105230e-01 3.648642435037239284e-01 4.096558802862838022e-01 -1.345310465811311654e-02 3.908327150987143117e-01 2.473027566210071471e-01 2.204523775358679383e-01 1.407554792605819893e-01
1.793463455833116116e-01 -1.261347665250471373e+00 5.342013089234198125e-02 5.709389924505609698e-02 1.740069290932043933e-01 5.318554897285492772e-02 2.937857770151863779e-01 1.302129899580345418e-01 8.671896296161375750e-02 5.425325344795478566e-02
1.880795252444408122e-02 -1.361668660200899605e+00 5.955872654257607368e-02 3.881095555961313059e-01 1.420222835880136647e-01 1.831583686684077061e-01 1.160099619183202202e-01 1.880141580518503996e-01 3.104415380687032822e-01 -2.088007806498240818e-03
3.072013157657326743e-01 -2.373836214690284940e+00 -6.227770695282121988e-02 2.721062398457422260e-01 4.162485565278170041e-01 1.311994563979468342e-01 3.296724974799040697e-01 4.211620413051527234e-01 3.573942397796211479e-01 2.429059151063660549e-01
9.138687295034884084e-01 -1.875520769065271542e+00 2.198955552490711174e+00 1.571788046539742689e+00 3.525539097265732447e-01 -3.300235666113414457e+00 -1.531898568430036578e+00 1.202528944273715261e+00 -5.115912474070974936e-01 8.993532020017342976e-01
1.287768917161591191e-02 -1.815110256776423681e+00 -7.406983402190131689e-03 2.445413390077054439e-01 3.785441858001465931e-01 1.320599904333080721e-01 1.426063039955328959e-01 4.423066495088139316e-01 2.991288589747689297e-01 2.363420100962896342e-01
3.101253844173236240e-01 -2.386351371039268532e+00 2.354392638035310292e-01 4.775248930176757001e-01 2.467238958999044829e-01 3.073540095387297666e-01 2.178394866748493419e-01 1.848392794766786640e-01 3.378434746327643179e-01 4.807510672114813366e-02
2.174165385641315396e-01 -2.666211380750381110e+00 1.136643550957269627e-01 4.399584865906235875e-01 4.599736565930611087e-01 2.216471898880361391e-01 2.451290140397114625e-01 4.545074202619930892e-01 3.091460373468972178e-01 1.767809388245454583e-01
1.418400327376247716e-01 -1.554302729999223587e+00 -1.347293746244265789e-01 1.330902986367673291e-01 2.770349985918708624e-01 3.665321928096392651e-02 2.672130864008396278e-01 4.419989214957288359e-01 1.361911449736786794e-01 1.281547655832182553e-01
1.911781361157720294e-01 -2.200340470353087330e+00 1.215736357657380834e-01 5.068595406007455617e-01 3.518089401814303296e-01 3.318309746383519276e-01 2.217490796836499301e-01 1.153180066554928135e-01 2.708140004572348603e-01 8.121659324011075431e-02
1.226345721299461067e-01 -1.269555460670407143e+00 -4.137526870516872179e-02 4.774630910353764440e-02 2.137492249655663090e-01 3.981708207678059247e-02 1.695239310438120262e-01 3.085914960411577090e-01 7.780727232720793807e-02 2.515382719077562459e-02
2.985720489133773525e-01 -1.824047439537500592e+00 1.151477357108954686e-01 4.956025242874427250e-01 1.941724688615235617e-01 1.498624720614915307e-01 1.789760046140482230e-01 2.026890543913056342e-01 2.049776120612213093e-01 4.226275525461035271e-02
3.403432987051280834e-01 -2.239403234381683205e+00 4.490735058687665704e-02 5.393172121649890682e-01 1.039719663656453741e-01 2.176899121582829555e-01 2.402337368701928932e-01 2.330677542670538949e-01 4.681086679886465318e-01 4.897597362605993904e-02
3.739495899133045698e-01 -2.971772257895683111e+00 2.504149219390300884e-01 4.763810656938386456e-01 3.394755772921991821e-01 1.678664716258655432e-01 3.490525356656200562e-01 5.470331009659408217e-01 4.651585516591245639e-01 2.396001762844929550e-01
7.746916986750296275e-01 -7.994968764116149318e-01 3.433248468992519786e+00 -2.379503600693759324e+00 1.317270999339935633e-01 5.992783358080191330e-02 2.190963044408512417e+00 -1.901150053075306490e+00 -1.336729729980175252e+00 -2.133221456874817845e-01
9.188513427613445583e-02 -1.160659476409172441e+00 8.704354768352604022e-02 1.928968557281380003e-01 5.268959734848347592e-02 1.968881453197056097e-01 2.960471043244675693e-01 1.782676368688841384e-01 1.803796370543322980e-01 5.152900186406036628e-03
2.883960045491754109e-01 -2.273302472410129393e+00 2.531120270048946019e-01 3.211686023638634646e-01 4.652524800088627122e-01 -2.854067066931911117e-02 4.212696973866695838e-01 1.848160264765847660e-01 1.970215794365256234e-01 1.136726864831584527e-01
1.132032944440126254e+00 -1.094196188113488288e+00 -7.043522203834268192e-01 6.977241544105541871e-02 -1.967837457955265712e-01 7.892391916007845953e-01 -4.152313299195715679e-01 7.333470671487318793e-01 -7.938738468181893992e-02 -1.570858323931409728e-01
1.612137870209015833e-01 -1.010965857940174129e+00 6.073827822281471084e-02 2.766163530880421106e-01 1.019929480219690238e-01 1.457243487582355335e-01 3.312493031171369062e-01 3.536643041301813090e-02 8.293509538060367392e-02 -6.319584494408650790e-03
4.647618096452295622e-01 -2.291884480988510830e+00 1.430738854028346940e-01 3.369677971604092548e-01 3.346423559907427125e-01 2.779031861010492488e-01 4.166082465649719180e-01 2.341544105417117105e-01 1.141618293562991493e-01 7.288269438960594260e-02
9.665585122507375226e-02 -2.011901554457308450e+00 1.704917027704524191e-01 1.701248082217433066e-01 2.826394491634967587e-01 4.804680740228661762e-02 3.586120512078024847e-01 4.723922553138613090e-01 1.733316910309409264e-01 1.450606184461103731e-01
4.278792239644560458e-01 -2.477249481032500533e+00 4.798835327492821656e-02 1.834155434986483035e-01 3.649389955021350995e-01 8.832241446120128736e-02 5.280075493849772927e-01 4.477364110350974258e-01 2.635601505683850543e-01 1.918604839205408918e-01
1.117506564502638439e-01 -1.940769659023002580e+00 1.894333551197273369e-01 3.532031664277178740e-01 3.530935063854817035e-01 1.852079865126051716e-01 4.189606694147566812e-01 1.270094570379077803e-01 2.656405368926878507e-01 7.037632432942041161e-02
-4.069307143652486913e-03 -1.354042004896960361e+00 3.294973910740453538e-02 1.331998454159972478e-01 2.715074435853387369e-01 1.043200762906270618e-01 1.036394984718231604e-01 3.182601819505125884e-01 1.949033990865440269e-01 1.512784735641578004e-01
2.223781091138421484e-01 -1.496350556450928071e+00 5.662059360109162470e-02 2.211947685118743623e-01 2.221739979708777235e-01 1.092576373172917253e-01 3.146230977702576537e-01 2.276826524242154814e-01 3.090359295134354617e-02 7.404200335010918677e-02
3.557974330877564650e-01 -2.113519733250583954e+00 8.053021327124408602e-02 2.274101002791249493e-01 4.009368074392502534e-01 1.300634138047379318e-01 3.644613881923399745e-01 3.538093586696486326e-01 6.742633443542575544e-02 1.052126371361743890e-01
