4.459866943744237311e-01 -2.920547779594948157e+00 1.404023796591449824e-01 2.434216297306068255e-01 3.135869599170293398e-01 1.258206725022428252e-01 5.441737095135191771e-01 5.846419374224852694e-01 2.389058152845289218e-01 3.212274996712635167e-01
2.479061965731425565e-01 -2.056023348230498371e+00 2.507014411236834772e-01 2.070353014178404338e-01 1.896575998540089014e-01 3.874220321629084918e-02 3.090792321884835991e-01 2.962535091721905656e-01 2.641084868195197055e-01 1.445386583922214363e-01
9.390539557169261253e-02 -1.702004292176343192e+00 9.285423276320581287e-02 8.993612833644809568e-02 2.204606941570441403e-01 8.991973818593779200e-02 2.232498092965723713e-01 4.413933859115292679e-01 1.366484209471725553e-01 2.605167721286758553e-01
7.498551113527564260e-02 -1.436908513399845155e+00 7.621095258084031876e-02 1.184975848536319182e-01 2.024666477057230352e-01 7.129690036797738106e-02 3.383970536704281606e-01 1.896511464091244492e-01 1.791684068673441432e-01 1.840542178308166021e-01
2.793031328924156509e-01 -1.007528312412887761e+00 1.536850513195399115e-01 1.397568944867249863e-01 6.790352589784875818e-03 8.379412412739220550e-02 1.178091617895908189e-01 1.737742951794424562e-01 7.094278940678599987e-02 1.125085092867150749e-02
7.027526176464846119e-02 -1.016303045218000189e+00 -5.933260092503277877e-02 -6.136963985246957076e-02 3.139512459204110151e-01 3.148413210482480656e-02 2.670443302017898590e-01 2.010877008540924160e-01 -4.210818395781057433e-02 1.857823429868863396e-01
2.112622499980877588e+00 -3.009883100705440295e+00 -2.904432580305624345e+00 2.296361640459243070e+00 -1.321696446678850334e+00 7.022711004783043220e-01 2.435210507978557093e+00 4.555952337220778303e-01 -1.361581785405482359e-01 -5.747408640418205650e-01
1.267098529029502540e-01 -2.071452310646113126e+00 1.851688769844893889e-01 2.841789855944427123e-01 2.799708240017439453e-01 1.331827477112639269e-01 3.637481109101797228e-01 2.042344474516096797e-01 2.070180961672392350e-01 2.370117550303100507e-01
2.241713814640109714e-01 -2.423979888574287145e+00 -8.654060482563726009e-02 1.492208923002326104e-01 4.190189252652528618e-01 1.592471891016813967e-01 2.103266740253172395e-01 4.416005672124750925e-01 3.292658613726524020e-01 4.476051013242295373e-01
2.785236639632793776e-01 -2.595857135103201152e+00 4.026223501745828659e-01 6.839322626325099186e-02 3.973670868326281136e-01 8.922567912076807828e-02 5.581177370750074473e-01 2.343786884502480350e-01 2.665343998989357366e-01 3.334192236296546485e-01
3.533146504201882809e-01 -8.509392284440118193e-01 6.954235928127541766e-02 1.462873358062187490e-01 9.581259407461432953e-02 3.395517448586591464e-02 1.042194405674569391e-01 6.850531332494282089e-02 5.978903001902452496e-02 6.819183783003406399e-03
1.516873648239904226e-01 -1.456512172196017918e+00 1.734918651517535458e-03 2.022359039015572679e-01 2.320003403012113052e-01 1.028938926622174899e-01 2.516235822933165500e-01 1.945871272826745768e-01 1.024109363385614924e-01 1.283635394549935693e-01
4.407214885960409889e-01 -1.934142458046579804e+00 2.190097874511048870e-01 2.359671473190590452e-01 6.548122018142067680e-02 5.903904187955705957e-02 3.916205665653396117e-01 7.398926284049384128e-02 3.085476517150210207e-01 1.008777373433936975e-01
-9.565180171423713906e-01 -9.667369304009890696e-01 1.182970396870740348e+00 -2.086527671817712815e+00 1.545505521041014685e+00 -1.921339525508649615e+00 1.987000246932312475e+00 2.879609229062967568e+00 2.076286585761137615e-01 -1.800398009911981845e+00
1.874796898726635019e-01 -1.982033791118060329e+00 1.772836807446677154e-01 3.640471600654742179e-01 2.361688096554338812e-01 4.435408293591270451e-02 4.501130651908526875e-02 5.015719926376257520e-01 1.941641232663151861e-01 2.460675613928571537e-01
-9.024884021113638993e-03 -1.042399210970390122e+00 1.766705225318251568e-02 1.147419219783043717e-02 1.574807966769221079e-01 -3.715239490469320928e-04 2.167890118119152054e-01 5.060801341857724678e-01 -8.913117053787838681e-03 1.904306157616694750e-01
7.250812488109302512e-02 -1.564124150096614319e+00 3.645787518733326071e-01 2.058215105707340842e-01 2.179595774640482042e-01 -7.408432881236412526e-02 2.814116933876331106e-01 1.202851931579959482e-01 1.324522831546793011e-01 2.258579813030265615e-01
-2.534571764580711428e-01 -1.776663259330313327e+00 2.251717023394181061e-01 1.928672187253826775e-01 6.144762230765510314e-01 3.005725553811891548e-01 -1.290528210758361272e-01 3.372317027507402143e-01 3.060033121707910753e-01 2.822503141940272964e-01
5.223239388883885725e-01 -2.729407171550443767e+00 2.718279046703794832e-01 2.198254152456103061e-01 1.738725698224281024e-01 1.040868856555183103e-01 4.649279149456114757e-01 3.794100362008427929e-01 3.591390221953578710e-01 2.833036183846893152e-01
4.331518723763585002e-03 -2.015723327225754424e+00 1.567962969600471823e-01 2.330162163460598387e-02 5.548364402853753763e-01 6.155794809923791078e-02 4.811936302552051736e-01 2.516591737287918740e-01 1.897055377480202087e-01 2.636943839309486282e-01
-1.830769224383816188e-02 -9.189349688811336847e-01 1.041670000107414312e-01 2.664913494830000729e-01 1.877491526916165165e-01 1.207200625956839080e-01 4.026047988255227611e-02 1.293587647178784938e-01 5.548885863082907155e-02 1.520283277551542356e-01
4.344027034034592116e-01 -2.610768853078435203e+00 2.225276317174560980e-01 3.516274051431671488e-01 3.492945087496766021e-01 1.098526235585002842e-01 3.240366160434587917e-01 1.447323600294497803e-01 4.013950345990053292e-01 3.177846591282584288e-01
4.615977667395965156e-01 -2.478224016800760765e+00 2.271171985137676597e-01 3.203608642517810079e-01 2.595534643950694331e-01 5.325440777120063474e-02 2.607715740501863610e-01 4.405739411304585018e-01 2.898083870530630546e-01 2.723505672704628622e-01
-4.738440564164263930e-02 -1.709934473622012785e+00 2.486412130833580425e-01 8.005233131423050708e-02 2.851499111109370710e-01 4.750109960589907893e-02 2.573912375642060657e-01 1.489585959721473341e-01 3.870810658472452204e-01 2.473277561406769520e-01
3.212336556546367961e-01 -2.426118046268662454e+00 2.806834463337365970e-01 2.836432324941566274e-01 2.482819550165736855e-01 2.237405377187830779e-01 4.428556442493697398e-01 5.179035671029927346e-02 4.530532592189831509e-01 7.763707960817003984e-02
4.089406591481017234e-02 -2.016751646792302566e+00 2.024586221942945574e-01 3.239886418563184822e-01 3.204253785637226626e-01 1.431181289277916879e-01 4.478818147343694989e-01 1.218847457804365930e-01 2.617530698461574823e-01 2.746400079978014164e-01
4.156923726969968813e-01 -2.106506501521704156e+00 1.155471818469709505e-01 2.075463465340350311e-01 2.367794893746127671e-01 7.399688580857011200e-02 4.109211364014440648e-01 2.748284117930696047e-01 2.389004112829042348e-01 2.099067207476404961e-01
1.338421571435525481e-01 -1.981695908361767566e+00 1.510561652039612845e-01 2.232717338249517181e-01 1.813009862448795029e-01 1.350154674057701398e-01 3.117833563803603103e-01 4.122050233323866220e-01 1.554407314233159365e-01 3.457421320981346469e-01
3.632008875009537507e-02 -1.509923538057317494e+00 4.285695426644427208e-02 6.585380293735233759e-02 1.802006934444751185e-01 1.085000325082265127e-01 1.159406165481493417e-01 3.671687591043804599e-01 2.664566683879907028e-01 2.744818806381082998e-01
3.666146691134781199e-01 -2.381461966335984837e+00 1.006032208356252566e-01 2.433838068116279951e-01 2.461786311727882370e-01 1.531197592635469840e-01 4.977039300550471501e-01 3.146788005958427448e-01 2.324873756118188417e-01 2.965845116344473786e-01
3.593558959456124025e-01 -2.898307215776661394e+00 3.184023895580162522e-02 2.335228021338137394e-01 4.677929308950728449e-01 9.397254176073809029e-02 3.470903086891574119e-01 5.052299532638528934e-01 2.989296017292985552e-01 5.440833580171221540e-01
3.640978087728579671e-01 -2.304668805149550970e+00 3.222312415697397431e-02 2.579930250549572479e-01 3.729778870815236291e-01 1.043468618146420612e-01 3.296883468628314384e-01 3.336926451771728974e-01 1.368211495347753937e-01 2.973647959122017737e-01
1.102778655848183770e-01 -2.379455252497891582e+00 2.518296216107019925e-01 1.264885339498439398e-01 2.987130315950554671e-01 7.653500400864995945e-02 4.005353786324001852e-01 5.080923775692486322e-01 1.892763997396727238e-01 4.390790978703917324e-01
-8.066606521505649899e-03 -1.181238839510345473e+00 2.971410677793557831e-01 1.853205318240324362e-01 1.333212881549484530e-01 1.726213167851395336e-02 9.945508569466617044e-02 5.874448186418798623e-02 2.718956266344186301e-01 1.583079695126944630e-01
4.447383100693721447e-01 -2.472382556942927856e+00 3.080050000223650830e-01 3.476276000054451254e-01 2.344137441680635425e-01 1.477994017401270399e-01 4.324934516238965743e-01 1.987041232568856342e-01 2.818322178386475918e-01 1.699830787063687509e-01
6.367841160074083628e-02 -2.768112144815824571e+00 2.742043250271925525e-01 2.895066968517641670e-01 4.185779735053916650e-01 1.305069925369497785e-01 4.446872993746670000e-01 2.763460785922203233e-01 4.738907741926329242e-01 3.699698175241066256e-01
1.885701230361387093e-01 -2.855955339939859616e+00 1.889000987060122094e-01 2.591202654351639212e-01 4.289542536026480501e-01 1.736396436545712407e-01 5.015744901406825607e-01 3.865960761415129787e-01 3.447565634370930443e-01 3.629121773503877213e-01
2.429038125790342617e-01 -2.330168351529869231e+00 2.468618661938945802e-01 1.170783703238979234e-01 2.548794271161351488e-01 5.951150075499623410e-02 3.884536377519673955e-01 4.233078952357941516e-01 4.285944747827112322e-01 2.620730747748334366e-01
-1.052738857008026496e+00 -1.909508603774338509e+00 -4.572644960454346208e-01 -1.073507346913030874e-01 1.393315980520462016e+00 1.087212087230434499e+00 -4.125915859773738315e-01 1.447363412796027093e+00 -1.849706347695924957e-01 1.252167350747075136e-01
4.183646470673237361e-01 -2.573618584122394193e+00 2.528654363866255639e-01 2.109779462855647658e-01 5.405327547622299500e-01 1.414468949157185462e-01 2.858124201476143211e-01 3.676375652665292981e-01 2.056604134149619678e-01 2.834365070568166667e-01
7.793699733941031327e-02 -1.251944097810923529e+00 1.406716731615527127e-01 1.082930072267253019e-01 2.093549071540683204e-01 3.011146938121074187e-02 2.342334667280975835e-01 5.835256101188308203e-02 7.486836643660255142e-02 2.360275103739980507e-01
-1.861092310855806675e-02 -2.380141201538640505e+00 2.894328328788272620e-01 2.302541639561385967e-01 4.235520181047829347e-01 -8.680509636184738365e-02 3.508863853102459074e-01 4.323287699521443095e-01 2.769543073989721993e-01 3.548518859518172697e-01
7.313077872711788718e-02 -2.570913564482449232e+00 8.635616326786159369e-02 1.826861088279012890e-01 1.772501556315314863e-01 1.176189668349064688e-01 4.501796770911942747e-01 4.575100183000178067e-01 4.314774936669467653e-01 3.796891037384830803e-01
-4.006815623490274370e-02 -2.154850611516164083e+00 1.540463597040292176e-01 6.813006018478845460e-02 4.822267177396753479e-01 2.943505559695346399e-02 4.604598814662776429e-01 4.894287300698799692e-01 2.260512184502051214e-01 3.458071329477312439e-01
1.246888920908434048e-02 -4.580228819950459274e-01 4.297766374393484357e-02 1.336398338921697682e-01 -4.996413614431513550e-02 3.016323193464061705e-02 5.454777149882161086e-02 6.856468391884937286e-02 1.022582721171720332e-01 -2.463820812613801148e-02
1.059060827291581075e-01 -1.931921694821234103e+00 1.724672423678534905e-01 1.373262573385832519e-01 3.525808285188388180e-01 2.367236341299815486e-02 1.751350015157852602e-01 3.039106245565345588e-01 2.286955563576530959e-01 3.376908156839716901e-01
1.614477290631659845e-01 -6.743388824191071107e-01 -2.971754488253950787e-03 1.620546470712170561e-01 2.216220144058878364e-02 4.791922739497855160e-02 1.151752858902880261e-01 1.408322556989083374e-01 1.700360551832355918e-02 5.678154574563822748e-02
3.029885859916831015e-02 -2.250022241591527639e+00 4.945796315745294019e-02 9.356934550831597086e-02 3.605570456675366575e-01 9.520742441568869063e-02 3.508952034083129834e-01 3.849120869116663957e-01 2.705167312569731752e-01 3.012068238641940621e-01
2.017153311449248754e-01 -2.380701866828996760e+00 2.175905740211344364e-01 1.496898162550774347e-01 3.122047378469763879e-01 5.763369107794899526e-02 5.474186375135342564e-01 3.299507897781183696e-01 3.450441319670205509e-01 2.458854187692843529e-01
4.108218702228449981e-01 -1.858500688742897422e+00 2.554746281340138925e-01 2.482187667564428879e-01 2.308399533004628634e-01 1.885847441846901645e-02 2.346661383403167711e-01 1.577353969142548662e-01 2.180519621932159868e-01 3.094206988006122372e-01
4.123558127021350050e-01 -2.915533336376833429e+00 1.130542946570875090e-01 -5.695565341127854786e-03 4.832900290703400215e-01 1.129068501613267883e-01 7.074239309779251084e-01 4.615808986816759552e-01 2.873820330893820385e-01 3.926208221730493886e-01
1.926352176991430465e-01 -8.356947709107108713e-01 8.557174116250357288e-03 1.238551641051730823e-01 3.137088981554170958e-03 6.401016872848894201e-02 1.823231631595182145e-01 9.839117696372134958e-02 5.906510787078555341e-02 7.389746675372378670e-02
-1.640888576411367664e-02 -3.057836299657040069e+00 2.199177033613825549e-01 2.870567720674079282e-01 3.659938133573606978e-01 1.369988720263054793e-01 5.700492119325193396e-01 5.675844462213229802e-01 3.800246071100767398e-01 4.959250741988465716e-01
6.313726960752713557e-02 -7.939099065049500803e-01 3.964026169743883887e-02 1.107035398810540250e-01 8.602793032574274079e-02 7.183320984012063481e-02 7.941549335777656204e-02 1.325965528601164289e-01 1.362801814064244499e-01 2.481650021024093405e-02
4.837240380740037010e-02 -1.709162551029787647e+00 2.046196820513078440e-01 7.685431430537220665e-02 2.280487520506457033e-01 8.328926181651476190e-02 2.712790074675406338e-01 1.667252046175086433e-01 3.264106663033402023e-01 2.147701055183351415e-01
1.104422926947168544e-02 -1.669475567753925249e+00 2.019513216624379548e-01 1.223027695011863758e-01 3.078450284133472103e-01 4.635852728383996202e-02 3.318233938524440263e-01 2.560072625741837693e-01 9.895098809352684266e-02 2.317405859075511165e-01
9.074054801211657584e-02 -1.836770700180321514e+00 1.346742971872255945e-01 2.589793353416426358e-01 2.479614006082732358e-01 2.059495156085384693e-01 3.944017204252940334e-01 1.324336993017287967e-01 2.977564788670724050e-01 1.370125579731611143e-01
1.651138471207836411e-01 -1.254800668410863018e+00 2.831545263423734249e-01 1.495467257758763269e-01 1.098625662691775640e-01 -2.754664380817061983e-02 1.423808803622816643e-01 1.123833305973802738e-01 2.576130562618558772e-01 -2.188405939003292694e-02
2.466349722358683882e-01 -2.138869784767644333e+00 1.913215836574830020e-01 1.332979172211543606e-01 1.693618275926881689e-01 1.924892608710696701e-02 1.884547526650024452e-01 4.225515880537181745e-01 3.642612964719941226e-01 2.741012672486768387e-01
1.016182903154066487e-02 -9.124860765967872656e-01 6.909322995949833748e-03 5.525437422017943218e-02 9.051143426381846879e-02 4.079575885479797687e-02 1.704452682258823515e-01 1.546922591394803981e-01 4.828223938566197915e-02 1.331342034072772462e-01
1.892924872831989180e-01 -1.987317305324864725e+00 2.489932248980373727e-02 1.521946924598044926e-01 3.571842830808880098e-01 1.711593920094559322e-03 3.615176550866638916e-01 2.547254548290893705e-01 2.296914648159735506e-01 2.071005001236330134e-01
3.774641421057041146e-01 -2.309831593516426640e+00 1.415147514404828111e-01 2.109036950285106682e-01 3.381114752368570842e-01 6.592015119417371505e-02 2.954669229372052230e-01 3.660247848656447145e-01 1.780552796136667948e-01 2.614453247513917056e-01
3.563388694288396885e-01 -3.458675366911707183e+00 2.928611508015413478e-01 2.599806014680359767e-01 3.930916560206690336e-01 6.396969742871623510e-02 6.579199038252073750e-01 5.515726288669517974e-01 4.357160420922606137e-01 4.813672003109589204e-01
4.053395045001621511e-01 -1.506372990427744751e+00 2.729350789843286162e-01 3.585254766247511493e-02 1.586806510564407469e-01 -4.014044768910924980e-03 3.488808925171015263e-01 1.740290241433084528e-01 1.246812287949349181e-02 6.147297027493823368e-02
7.122885020058199179e-02 -2.072070422898258268e+00 2.585334459297058962e-01 4.872843377295126704e-02 3.375161653195642986e-01 7.867503452152668775e-02 3.688758065074571602e-01 2.889587617018158916e-01 3.195837092897493847e-01 2.835929916631075853e-01
3.285345263247702596e-01 -1.400382161769962330e+00 3.695455989828862198e-02 2.969834766381940910e-02 1.920387573963299732e-01 9.386840562696423251e-02 2.967513593028117680e-01 2.298190954020839505e-01 1.845860120493416079e-01 3.705069562523775895e-02
1.966709440464860514e-01 -1.592586955563961792e+00 2.224900779051516286e-01 2.865547736269107859e-01 1.365294911751063212e-01 7.517181932700862934e-02 3.003279499736662972e-01 2.433282360162604407e-01 1.277518544337478967e-01 7.517919291186411779e-02
5.650111381470437344e-01 -1.691057378834686098e+00 2.471789637874243634e-02 -1.211748988324093529e-01 5.080732501523355094e-01 -2.658902625138563902e-01 -7.837663361808872020e-02 6.572616354590862242e-01 1.095671900704624224e-01 2.455836671746137179e-01
2.631992366897149549e-01 -2.387094761082616312e+00 3.541353407046531898e-01 3.034995649267772655e-01 1.123879119059701392e-01 9.702685915587060117e-02 4.636174461831075733e-01 3.398061471259655741e-01 2.533461196542252658e-01 2.507901754867175037e-01
1.978723193449402618e-01 -2.023707083254242978e+00 2.151575456569539968e-01 3.698986025711888392e-01 1.502289197636375306e-01 6.839101675606432118e-02 1.460857265893125978e-01 3.474786534685198047e-01 3.045181779863698202e-01 2.784806080735890976e-01
-6.502633874268620717e-02 -8.470403954590810525e-01 3.705658445782429311e-01 1.957170262933296059e-03 1.938494051234647131e-01 4.150070327949013232e-02 3.293955082178197658e-01 7.695103281462414846e-02 6.877733095853248713e-02 1.631403941683316761e-02
2.139492592643297553e-01 -2.707140779479042969e+00 2.049609410349043093e-01 1.020615733407855968e-01 4.367342765412229877e-01 1.465279145951546291e-01 3.550929661954068672e-01 4.020306681944129656e-01 3.609138903555775824e-01 3.703677918225313226e-01
-3.158391652589714188e-02 -6.747579436326760494e-01 -1.360363057925256629e-02 3.574349640111593868e-02 5.593568268091109880e-02 5.925341169080546727e-02 -6.035889537072760408e-02 2.690703932421713573e-01 6.405007611442992133e-02 1.703158657493198669e-01
1.984999978841967438e+00 -1.577715055639045350e+00 -3.325881214990292212e-01 -4.468810587493876607e-02 1.896339689994682928e-02 -2.752651722586273997e-01 2.253850058922149957e-01 1.593627057649939505e-01 -4.020980580124335069e-02 -3.089852435158419452e-01
-1.989354661698554752e-02 -1.792365817729417499e+00 3.780591721564189461e-02 1.456012395666438641e-01 3.546354817531861547e-01 8.715417075335189778e-02 7.888124405632779279e-02 5.027406192312211530e-01 2.234552420686859719e-01 3.622941380691360180e-01
2.187734562668935956e-02 -1.915280669535898594e+00 2.256793057229244115e-01 1.662974993182339822e-01 1.197816228837873392e-01 9.600524164586272946e-02 3.745595313247243041e-01 2.138818091375807307e-01 4.399825239875484462e-01 2.408838891395153614e-01
1.850900914274517806e-01 -1.846974498321977576e+00 1.176737706974060049e-01 1.072142545361163962e-01 2.324733853150061924e-01 4.862046986576216284e-02 2.048513076036025116e-01 3.236058985166552215e-01 1.764916626832182811e-01 3.485848213973471998e-01
1.281661874532620260e-01 -7.685009592290675817e-01 3.020093471596419984e-02 2.056473304743968583e-02 8.994574287843463967e-02 2.195220406149205050e-02 1.509035365002272255e-01 8.291294797352131984e-02 3.642051597514849026e-02 2.291311848000887261e-02
5.214290994149470837e-01 -2.397777238260466515e+00 3.347044175573866964e-02 1.470586455580539242e-01 2.363135975725003113e-01 2.656583799428590131e-01 5.720130120364730342e-01 3.144478879911257185e-01 2.469078205469033560e-01 2.082036047308046256e-01
4.577584501788369287e-01 -3.425217560875802203e+00 2.364854555834778882e-01 3.273382714767958945e-01 5.018937850917479793e-01 1.698184058699345467e-01 5.339801608370826624e-01 4.422764403472332351e-01 3.814457604908357835e-01 4.147191702800908097e-01
-1.488469140694131054e+00 -2.404510776159185070e+00 1.149830248308858271e+00 1.527349993433188891e+00 -1.521608366588282024e+00 -1.298539705650183729e+00 -1.850645371625005087e+00 3.505458301915766572e+00 -3.944910218725093953e-01 2.731871289057519636e+00
3.793519185982739961e-01 -2.604393718807108016e+00 6.804717316950104067e-02 1.711497634986879346e-01 3.129412129708237233e-01 2.140906596089015290e-01 4.559124287690052291e-01 3.035786599404799446e-01 3.590971012601404388e-01 2.988940958698365069e-01
3.335548398413177851e-01 -1.801583376361558742e+00 4.085972447841693111e-02 1.233718780909258406e-01 2.894092253895186317e-01 1.042436186157824074e-01 2.349031578958913902e-01 3.206111694295207259e-01 3.219392271683865769e-01 3.036010331582310595e-01
1.522024788022432185e-01 -2.023895147322183341e+00 1.462997594372053012e-01 2.514593953125778270e-01 3.149474179697892562e-01 2.038705250185596923e-02 5.219079920960474350e-01 1.457459279781140593e-01 1.645215827600239877e-01 2.593542336031485207e-01
1.863196155826959133e-01 -1.031136188300267431e+00 4.363215333410366825e-02 2.463411561566125618e-01 1.060308562140025029e-01 4.437040517733859685e-02 8.003195015280969993e-02 4.071347122613862279e-02 1.816337610654863433e-01 4.854224003153292943e-02
1.834330810458145999e-01 -1.615603307647828002e+00 1.219615729325673192e-01 2.634082225574971292e-01 7.337965194034240524e-02 1.993730003125899763e-01 4.317255632882638361e-01 1.511341003336213740e-01 2.207268000194649582e-01 3.823220578797246333e-02
3.341169532157410305e-01 -2.099572161415597105e+00 1.886958967273290044e-01 1.813563896639720507e-01 2.857384093539639403e-01 4.396219778899012470e-02 3.307792734707000748e-01 1.567741324311589524e-01 1.924203091691121803e-01 2.798357316814659712e-01
5.267796425323890280e-02 -1.861419042856463868e+00 7.781426274369902807e-02 -1.055579880694475919e-01 4.777067911612037365e-01 -6.527935644351676517e-03 4.421319007414356017e-01 2.874519607416315958e-01 1.322713618574845040e-01 3.178885445313663904e-01
-2.799205224062878070e-02 -5.204826359677475756e-01 3.557342568514549469e-02 8.044852258116462485e-02 2.544283788573716357e-02 4.267306828759779430e-02 5.671377280399890475e-02 6.019478675627707581e-02 7.495625346087590735e-02 3.385975927045910966e-02
1.508024514712183739e-01 -2.937841486917154299e+00 2.586247907801421664e-01 3.147883929926773017e-01 4.435216438730204547e-01 1.238261876399562728e-01 3.676826460822365528e-01 5.315659042164304626e-01 3.990917442902275902e-01 4.576569840520938182e-01
2.075875430299163327e-01 -1.244427755010019787e+00 -6.894463397161705587e-02 -1.965482397748335996e-02 2.008252402347751320e-01 9.146995196256410554e-02 1.399495287708827640e-01 2.768044840193481515e-01 1.876063045049786715e-01 2.373999343965371711e-01
3.515871207838430768e-01 -2.786172594859827711e+00 1.924680811455919405e-01 2.240121353590052433e-01 5.095043389379083631e-01 7.031185416363407159e-02 4.488627085984938092e-01 5.096501431437250318e-01 2.244424924629338791e-01 3.703838133849112757e-01
1.667815067992632905e-01 -1.427800776651212855e+00 2.879503488029017677e-01 1.334137939365071801e-01 1.149761855112886311e-01 5.716164032970086004e-03 3.202223622981903439e-01 -1.227864969682640819e-02 1.878200941431583948e-01 8.485036312422205781e-03
-1.064351358253051438e-01 -2.044745633838892296e+00 2.644772149723464416e-01 3.308849142074212768e-01 3.767905675986003566e-01 2.698091621028044645e-02 3.626739296022949977e-01 2.483650010946347464e-01 2.195197654863187964e-01 3.336610781766092271e-01
3.645414005280979142e-01 -1.350494901007938342e+00 1.134048129181657594e-01 2.402129650306088562e-02 1.938732961812439926e-01 5.240078792736314883e-02 1.880741617594415549e-01 1.029999615766721277e-01 2.378744608350609469e-02 7.156990199514243201e-02
4.159834406325668144e-01 -1.743018157800782175e+00 1.082230386502491537e-01 3.568499178505332714e-02 1.914714467925574815e-01 8.365254827392680503e-02 2.646645524874257083e-01 2.759645535359727120e-01 4.228345392114730983e-02 2.035067961772235590e-01
4.073911665204305033e-01 -3.148672901745989350e+00 2.737263671761937522e-01 2.374340078981054813e-01 3.482631721377805745e-01 1.828911184422468972e-01 5.637037476863265839e-01 3.738625327078966554e-01 3.373449531343595820e-01 2.611759748960283400e-01
1.068611122862579282e-01 -1.670916691077079408e+00 4.196182741114896919e-02 2.346404287481503037e-01 5.118342576451057752e-02 1.609510238692878348e-01 2.107933544331694053e-01 5.026212140453987232e-01 3.787847426557749975e-01 1.772782429482301081e-01
3.856627749176265718e-01 -2.889590294856805297e+00 2.216043174239489266e-01 2.452632697641987658e-01 4.586331963921942423e-01 1.715416570008845565e-01 3.893546379924257006e-01 3.972195101939798301e-01 3.710628314985489618e-01 3.794068073419307185e-01
3.989974445488896904e-01 -1.946893120943911759e+00 1.397341588295303860e-01 2.042225742684864453e-01 1.776798939642726671e-01 -4.117660662700629924e-04 4.307321133450806583e-01 2.826530782452585377e-01 9.110043540441616766e-03 7.371329049744086703e-02
2.710046031305042846e-01 -1.362807764619617279e+00 1.057299700088249333e-01 1.113660281691907783e-01 1.869373874034566674e-01 9.369686243266717174e-02 2.298272401437730372e-01 1.395434892039263963e-01 1.578601071553054347e-01 1.314780926046323906e-01
2.382959868595101671e+00 -4.270538956337790459e-01 2.841705864556945738e+00 -1.922664864699496601e+00 4.509390833670952614e-01 -1.610629444043880198e+00 1.591402014998680281e+00 -9.722710378576436829e-01 -2.783494068079143791e+00 4.158862748767765405e-01
1.988354221812060618e-01 -1.174471289461838097e+00 -4.467923808002707657e-03 1.559883057169204890e-01 1.512387330084704329e-01 9.627690457683343861e-02 1.202890961786680091e-01 2.748567483686439883e-01 1.106163627521580678e-01 1.173826559633539823e-01
1.553218946077184193e-01 -2.060740385470130498e+00 3.042206269432816690e-01 2.882699279782312551e-01 2.712497464310003603e-01 1.160972276000815373e-01 2.284935925225474729e-01 1.481960181843933744e-01 2.884446227696019771e-01 1.914131741584216839e-01
1.875047636580507160e-01 -9.210229499219562133e-01 1.047316173393920274e-01 4.108849827023473844e-02 1.239369491027589448e-01 3.861603304787682156e-02 1.211348224256845463e-01 2.030045780393239518e-01 6.408180252876069516e-02 1.024225351588265165e-01
7.056546373781652504e-02 -2.528063842746146150e+00 1.052935062859233911e-01 2.062501621890249215e-01 4.042214211571685256e-01 7.341523066337987680e-02 3.379979395735732139e-01 4.918068344465601482e-01 3.774511566955344732e-01 4.965010912408857613e-01
2.152606274828481880e-01 -1.951437632295946800e+00 7.861015776820512446e-02 1.341028378181312597e-01 2.347220523633112288e-01 2.292001835659017162e-01 4.733147604812387721e-01 1.945049678719041608e-01 2.051620513147217328e-01 1.175838687909152303e-01
2.165864491269554604e-01 -2.331209675832402795e+00 2.205127166683994999e-01 2.714894366730679076e-01 2.936218869211967286e-01 1.402303147592448562e-01 4.775888257440413232e-01 3.194567778260058999e-01 2.006581560065276992e-01 3.334616219326952402e-01
2.489664669838692335e-01 -1.462745904909225514e+00 -1.541963534057505178e-03 2.318367850837906308e-01 1.208531038257404794e-01 1.219520332056368145e-01 7.507933789061349561e-02 3.185251876182633723e-01 1.686532175715932669e-01 5.481115141591704626e-02
4.120600417664023185e-01 -3.034853144813816073e+00 1.897703851121537721e-01 3.360108283826429010e-01 4.114190218753179806e-01 1.138399374061394714e-01 3.635031554525273156e-01 4.413771264485442658e-01 3.475565456357384009e-01 3.716274609489569891e-01
-1.486900002812411963e-02 -2.341302117352895618e+00 2.452567506239962114e-01 2.876052236318851762e-01 2.604564543405246124e-01 3.982265370171417934e-02 4.457322374064873194e-01 4.903280573193355418e-01 2.299466893387452915e-01 3.844686864595319165e-01
1.017025523430482026e-01 -1.187785349972592108e+00 1.177664065660481429e-01 8.010279313449911176e-02 1.000754007591554140e-01 1.357909536421437746e-01 3.368006877011542888e-01 5.588058226395558464e-02 1.693494846612949856e-01 1.174283168292947488e-01
6.589569231364406088e-02 -1.993527191710508628e+00 1.637763300307623904e-01 2.479157054680714289e-01 4.407180550469428360e-01 5.092449461087266566e-02 1.291611926305206992e-01 1.770195587303670104e-01 4.232047485204973314e-01 2.921191013632983835e-01
1.663125253759812627e-01 -9.837715391743004911e-01 -7.469162512487828587e-02 8.899089927097393604e-02 3.044721246973594586e-01 -3.589927370234723136e-02 -4.296275454202190189e-03 2.970534251891998045e-01 1.226648383695918693e-01 1.245121417855457047e-01
2.118524674257140639e-01 -1.298566541767305793e+00 1.348213237382730328e-02 -8.514588601289728442e-02 8.321476362246967018e-02 2.899197609033107859e-02 2.108936094037095477e-01 4.628035206419823799e-01 2.065914927094306686e-01 1.207204248922481848e-01
3.177884796880022789e-01 -1.977635934804597539e+00 3.626095138676339868e-02 2.472621540149342878e-01 1.942941225133444361e-01 2.168848905924910531e-01 3.154866447668510654e-01 4.677772683311606228e-01 1.337860798811266738e-01 2.405341659761411066e-01
2.610921211383537277e-01 -3.304953591083325648e+00 4.049302176639784645e-01 1.547961978910753766e-01 5.122546528425975243e-01 7.185167564800866435e-02 6.188981845368222157e-01 4.809800728291663274e-01 4.546294768736523495e-01 4.685003877127141281e-01
4.531530693877990346e-01 -1.945168782087899340e+00 1.658162090485351126e-01 7.921918806618900855e-02 1.582210874260898126e-01 6.934279445280337739e-02 2.475530200170693862e-01 1.825819023794746365e-01 2.212471391675026322e-01 1.587296781443868487e-01
4.985190226407941738e-01 -2.570826418726342766e+00 2.986799560019699040e+00 1.115799092852977514e+00 -1.309119271576862031e+00 1.641918061480637459e+00 -1.282093594942874892e+00 2.541873191617414651e+00 -1.734139136961462491e+00 -1.907749920712767278e+00
4.127132348385776361e-01 -1.596929152281856945e+00 1.430315479415825430e-01 1.083566965489445449e-01 1.374826573970989486e-02 7.031868956688519523e-02 3.656644319063989679e-01 2.251449666289067619e-01 1.727039447132288630e-01 6.112594699249308816e-02
3.836023612220302303e-01 -2.836267510707235040e+00 3.107882581464403993e-01 3.330651573044621228e-01 2.974245585502503508e-01 1.399247348596219520e-01 3.268487993622732346e-01 4.183018654127656499e-01 4.107142523232847342e-01 3.373721992810254089e-01
4.738441998260200516e-01 -3.037383571836171026e+00 2.913831450374451126e-01 3.577680683769270398e-01 2.730910200574451219e-01 1.784959625376111025e-01 5.822110891609478811e-01 2.624441882604223175e-01 3.172674338195554666e-01 2.246534391044639756e-01
3.253750409671326560e-01 -2.899612997075482923e+00 3.413317064715079563e-01 3.374881706548253923e-01 4.005684998815314812e-01 -2.354099033006895950e-03 4.814112059146374856e-01 2.523905677582340412e-01 2.694746227011463602e-01 2.546158539060757175e-01
1.712400959437470616e-01 -1.416508483108989580e+00 4.007942759971770685e-02 1.505807404860880216e-01 2.555442166420529571e-01 8.469137858716810352e-02 3.046846642691229956e-01 1.819730861292037649e-01 3.938642627433254495e-02 1.219717727873219221e-01
3.470067207305294055e-01 -1.601663665938535486e+00 9.595265484713605408e-02 1.170291477928343538e-01 2.704086383921214254e-01 1.200143660930235584e-01 1.127608619635678544e-01 1.517185380514471660e-01 1.779562284527810845e-01 2.002582175398947562e-01
1.321153552304528966e-01 -3.875333936424723014e-01 -5.454813597415917314e-01 -4.476281500583944584e-01 3.582820401633019625e+00 8.949538040239142234e-01 -1.429635858186972808e+00 1.104428679912427880e+00 -8.151525758278177491e-01 -1.912870155181448650e+00
1.149244899242128082e-01 -1.074054296881795878e+00 1.702218549746346843e-01 1.584246423337436552e-02 3.729365842669950526e-01 2.632900424262889921e-02 2.504657158771363412e-01 3.023983033720685845e-02 3.358040843812935827e-02 8.247861436876910424e-02
2.456968077064494438e-01 -1.779188233033768718e+00 1.580433231139895811e-01 1.466293580064439162e-01 2.738678371357218810e-01 3.178872865161248146e-02 3.628020651984678047e-01 2.864057702532613048e-01 7.098525404115407778e-02 2.613031376535731032e-01
4.214867787385781495e-01 -2.336948983972980010e+00 3.288213601884328319e-01 -6.274519796938926412e-03 2.020712800404896314e-01 -1.119524555688043189e-02 5.101847156982004527e-01 3.398148376759640987e-01 3.575775820597890120e-01 1.436011264475248184e-01
1.459077278076184037e-01 -1.405538692960335512e+00 1.429981908324136075e-01 9.246331995956469374e-02 3.451668397703797075e-01 9.064534902690177254e-02 1.071246545850125936e-01 1.487960066121497560e-01 1.522047338746104483e-01 1.243935609440627033e-01
-4.262434310564926915e-02 -2.150825293974472530e+00 2.435678771179656255e-01 2.996021563730961734e-01 1.747516677112229966e-01 1.156569054164418436e-01 4.091344191281657272e-01 4.160619363171861318e-01 3.371018858687819808e-01 2.586419791902860310e-01
2.037253434947778122e-02 -1.478386701292711658e+00 3.923087417327375537e-02 1.986502020937767621e-01 1.947656313948629980e-01 1.074152574560396228e-01 2.635135270452538259e-01 4.262925239043723336e-01 1.113146026027343194e-01 2.403972006064624412e-01
4.178627364265205535e-01 -2.285462810526798005e+00 2.404664825488318225e-01 1.891189685319271951e-01 3.348559453429105215e-01 1.397058444228880536e-01 3.788925724679944596e-01 2.961702367194328223e-01 2.843997291334303679e-01 2.955008349966891101e-01
8.058454653183047198e-03 -1.503600456752711256e+00 3.682005549943664913e-01 1.201636262696598317e-01 1.302770191353513352e-01 2.851742669766726621e-02 3.009508845186394388e-01 2.206105479550567738e-01 2.962993823534665894e-01 7.753287309111121794e-02
2.962170134992161280e-02 -8.414417258460247240e-01 1.377409880992518099e-01 5.182831747478130330e-02 1.909389792850321732e-01 -2.489789530186375770e-03 2.117495052881147588e-01 1.065522036086073016e-01 3.491691403288414708e-02 1.489811283171168510e-01
8.166760651976852359e-02 -2.175778017198166658e+00 2.263396525070912879e-01 1.721876086277701057e-01 3.484457316305695218e-01 1.996433457485610741e-01 4.580596305454501804e-01 2.316169250150787173e-01 2.380863034233486608e-01 3.363788062779262678e-01
3.957545676092105724e-01 -2.938250497354935487e+00 3.394790396825164147e-01 1.141861066344152936e-01 4.417940657705041185e-01 1.148210397253358744e-01 4.432191372918344863e-01 3.354931858581886028e-01 3.838097177564832596e-01 2.111710472641009917e-01
3.718046054777041642e-01 -2.262411879412528748e+00 2.310533650547182405e-01 2.379738815813101094e-01 1.656623591237057214e-01 1.244547972796060248e-01 2.813196564218256590e-01 2.167754241509463886e-01 3.742626807347714246e-01 1.876554923604114022e-01
3.789065822289314767e-01 -1.667112525598070105e+00 4.090740985231827026e-02 1.542789159257407783e-01 2.985652240984660449e-02 9.006769270424963558e-02 4.269839063065756779e-01 3.484679765831532466e-02 2.605642208263636017e-01 1.486483034914680978e-01
3.322725228568036981e-01 -2.309276893348785276e+00 1.088973804792513350e-01 4.153469410777492488e-02 5.669199189435358832e-01 8.217871491545110374e-02 6.099403379587717833e-01 3.564876365102816469e-01 1.198641301027620898e-01 2.778332270845685348e-01
3.332917891286112100e-02 -1.701533831578633693e+00 -2.908154916114280217e-02 -4.537278454129430733e-02 4.006947543770854603e-01 -2.909905189252897650e-01 -5.177265297856990800e-02 1.604134536213997153e+00 1.566370405128761356e-01 -8.607502160842860073e-02
2.268491393279837287e-01 -2.506865068865456792e+00 2.446960357545754361e-01 1.800353193047958822e-01 3.704620177959888627e-01 1.365046811454429521e-01 3.310511783104563843e-01 3.768095826838930296e-01 2.455738389735701854e-01 3.235563927501426407e-01
2.364031220571300440e-01 -2.206473140206582695e+00 2.312525477431365828e-01 1.147059980155133857e-01 3.008068912323113575e-01 1.316433968639440510e-01 4.129507094405696632e-01 1.473986137429710297e-01 2.655666034724766811e-01 1.809083868351180624e-01
2.993117604194822645e-01 -2.436274086325102672e+00 1.801274805400984169e-01 2.431658794741446139e-01 2.563046283302153894e-01 2.366176883233446840e-02 9.998414114112193218e-02 4.674877119971313499e-01 3.688953666152416933e-01 4.023111095520656710e-01
-4.157704703560569093e-02 -1.398631720997844496e+00 1.836627969017879114e-01 3.887646164268510618e-01 1.697275543172586387e-01 5.843463637993644155e-02 1.660298439256531755e-01 1.093410445933150899e-01 1.035142620559338505e-01 1.264546499994110562e-01
4.091026342060769538e-01 -2.432066759454399207e+00 2.269657614510106614e-01 5.031376082278166822e-02 2.482841638831832509e-01 1.354211661993667826e-01 4.295346265205357561e-01 2.101063219980879027e-01 3.282965951238995261e-01 3.115461674608880904e-01
1.272748459027187862e-01 -1.219775316968117584e+00 2.099505258489718085e-01 1.012512125071218377e-01 1.255217250946915886e-01 -5.075117339611219525e-02 3.717474894424569465e-01 1.474570527468264391e-01 3.135690981201234157e-02 1.095899292881687415e-01
-1.780255676862741582e-02 -1.117408364845196456e+00 1.312193327972057399e-01 5.965769960725651050e-02 2.446857211742764493e-01 7.708453868167056133e-02 9.161266341264234780e-02 2.046499213064629230e-01 9.655224778153501108e-02 2.501795701114898351e-01
4.016773239330332368e-01 -2.098796649281888804e+00 3.392609858768280695e-02 6.512515382820777132e-02 3.479375754362520334e-01 1.174833216921485762e-01 2.262665759303981727e-01 2.856943448702133348e-01 2.423169031825741226e-01 2.202641034729009850e-01
-1.777824822567368734e+00 -8.444642732022304976e-01 -1.490321781549473590e+00 1.849135247436755725e+00 2.756174895281355397e+00 1.573009131616937700e-02 -2.666107645033892748e+00 2.342316320870556634e+00 -3.629559548400465019e+00 3.317576835614711950e+00
-5.861016043433200755e-03 -2.362321055806478665e+00 1.110410414808477714e-02 3.029709757110938262e-01 4.049664492912231628e-01 1.496174196292934522e-01 3.989390706208143511e-01 3.389104349653060400e-01 3.037091055162419173e-01 3.497787543027355839e-01
3.066555553344090801e-01 -1.344991903920008891e+00 3.660131864108404076e-01 3.636003222798853129e-01 -2.212419106737125839e-03 -3.888739477366812743e-03 2.518367479093187589e-01 6.716652039590625956e-02 1.047478349550843013e-01 3.422494389955763744e-02
3.878138153108805219e-02 -5.868579058460507980e-01 1.379119077983975358e-02 8.088709183071778053e-02 9.035459919896716985e-02 6.708022117763057235e-02 1.074312530701442975e-01 7.479870236547420115e-02 -1.791937455976184979e-02 1.268405965763863275e-01
2.885801581653395953e+00 -2.414103534098903214e+00 4.341500140887951109e-01 -1.556877930791412457e+00 -6.088126868953217530e-01 -1.236546800623689268e+00 8.545636454907237778e-02 5.403527481510955743e-01 1.608947623519217052e+00 4.100519335186915693e-01
3.161626152595670841e-02 -1.330445917064697836e+00 1.017689007671760820e-01 7.246930458607725445e-02 -2.384835337553414120e-02 9.468172325564817859e-02 3.221695972579293188e-01 4.751981566149467429e-01 7.058965923214345628e-02 1.227987915767552590e-01
2.040487128500877712e-01 -2.301836100313498612e+00 9.403388556041156199e-02 2.687389699072034732e-01 3.175533234313501207e-01 1.617215904402931337e-01 2.255897228823786904e-01 2.921837354369107853e-01 2.423317002875157167e-01 4.055641995132845956e-01
-2.791971832016999430e-02 -2.518450858613638932e+00 3.039141663290377271e-01 2.521116798186188723e-01 3.245378999522208763e-01 1.832595011529383755e-02 3.348157367140625618e-01 4.995425581867603548e-01 3.822004412498793413e-01 3.378648455589411403e-01
4.102672165563864826e-01 -2.037107908280703761e+00 2.400378358175628557e-01 1.710407961192993709e-01 1.734581595154626732e-01 1.261631331583584759e-01 3.859334584524802825e-01 1.210811206338411640e-02 3.814108631594351206e-01 1.639262206241132516e-02
-1.710319378203778440e+00 -2.815294464759957815e+00 3.354172741445238692e+00 5.006481353501909259e-01 1.907553968090227592e+00 -2.183686940427689294e+00 2.456533500067263343e-01 -2.348206574910948474e-01 2.008481436100165718e-01 5.917770349044066958e-01
1.547742923061802278e-01 -2.772206748753137884e+00 3.004800291802390833e-01 3.266410603224027542e-01 4.803375355653441980e-01 1.987797302071395711e-01 5.827413432791913594e-01 2.016119250416743003e-01 4.653237710191254761e-01 2.674285649110487717e-01
7.936348072010254717e-02 -1.854081513477310317e+00 3.076152493431742463e-01 3.089000958864058788e-01 1.874220728237837030e-01 4.255954058947287316e-02 3.505787239115890075e-01 1.062333366355575071e-01 2.144311797136033981e-01 2.071234359185765983e-01
9.809773856983461382e-02 -1.668570982526087043e+00 1.860430589092235965e-01 2.176093679434639161e-01 1.341551355080313479e-01 -1.384693062364765644e-02 5.581285157455697504e-02 4.821497444355397621e-01 2.591494881592821820e-01 2.571105905976367456e-01
3.627375174279076631e-01 -2.359014238960889909e+00 1.642672401282130046e-01 3.035764403090854824e-01 3.020197765872340567e-01 1.152417705338473763e-01 2.717341866875292999e-01 3.326737790595315492e-01 1.600267313538228098e-01 3.600989620389432599e-01
2.868402158939425406e-01 -2.024827201701906887e+00 1.673577776123506555e-01 1.950460848894562393e-01 3.169735568297981643e-01 -8.897450993144552164e-03 2.360797656221381435e-01 2.104583500296011989e-01 2.264812166211883082e-01 1.076858759293059659e-01
1.220291396590530569e-01 -1.199841864628804711e+00 2.375512709492009211e-01 1.077367567471505944e-01 2.417484887032225749e-01 1.756541461302718252e-02 2.353603107597940225e-01 9.384881116240144372e-02 7.344802379739077958e-02 5.387690250442415257e-02
1.773014140139310135e-01 -2.147843610171027873e+00 2.153495457970758808e-01 3.467500245559260175e-01 5.673193077372271076e-02 7.224733356651631688e-02 3.622213988154361353e-01 2.961286112280548943e-01 3.328784609667347905e-01 1.857506108940118750e-01
4.407580786907471238e-01 -3.426829168972975737e+00 3.392124219337987467e-01 3.292979823582478649e-01 3.679145074554697747e-01 1.769479902477070210e-01 5.166699760072140934e-01 4.871173846410111197e-01 4.254510062282156335e-01 4.237355610219817326e-01
3.175416094986689419e-01 -2.059905350111366218e+00 7.498189187650626530e-02 1.859497657897601908e-01 1.966922595475704694e-01 2.138676539192981285e-01 3.826661563299176283e-01 1.515004908952859441e-01 4.136211412814864707e-01 2.070051645670396012e-01
2.625581012277660720e-01 -2.881890376742268334e+00 3.473681944191880921e-01 3.864368038212011025e-01 3.429858062975399968e-01 6.359513180249928843e-02 5.291815088050833005e-01 3.300812364272460719e-01 4.115452166921461652e-01 3.047437425157015212e-01
1.642510262277768474e-01 -1.713047094877718335e+00 2.648475268702244478e-01 3.051329935711933339e-01 1.435528622443956182e-01 5.956517006912000894e-02 5.532490365627259488e-01 -5.548400853392013859e-02 2.664588740758427332e-01 1.289706308915738453e-01
1.723891266380983278e-01 -4.727684836781363975e-01 -2.319645434252705016e-02 -3.644042502740463957e-02 9.889572544347827177e-02 -1.566507957925818498e-02 4.494728165311440843e-02 1.162578090608228365e-01 -4.434054812657060342e-03 3.865638234990089600e-02
4.628824679483952154e-01 -2.755304768523603620e+00 1.878956861265345946e-01 1.880188685904755630e-01 2.897472405469641021e-01 1.201836374021043180e-01 3.702520930705184288e-01 3.739858648655517981e-01 4.163233157090007186e-01 4.182557287765902854e-01
2.445625587844215132e-01 -2.328771320885881568e+00 1.910128091992646937e-01 2.074655909091413786e-01 2.918804259335945339e-01 1.160183733180736171e-01 3.434459432060112949e-01 4.096454026270135995e-01 2.082642874056592208e-01 3.556049197249103733e-01
4.479121816246747767e-01 -2.343836330086404462e+00 1.768342272525237902e-01 6.793522384723005292e-02 1.322216228428531870e-01 1.596374128656138647e-01 3.851864832465238808e-01 2.769686960547323995e-01 3.467690056983041558e-01 1.862704625678101578e-01
5.022941334633181931e-01 -2.526861212779172750e+00 2.863944460554046501e-01 2.582382189642208337e-01 7.971064809031004617e-02 1.894781228206746104e-01 4.391029010159251400e-01 3.042727333712177407e-01 3.917646405953371103e-01 9.210388059347973666e-02
-3.359473903047857646e-02 -1.204593135922516600e+00 1.390652810598498601e-01 9.673350721767740024e-02 3.528719275768157360e-01 -4.112365055913801831e-02 2.096910609168467499e-01 2.016926371477607005e-01 1.245090350388732420e-01 1.519275122378297427e-01
1.706923956545268739e-01 -2.438588918631879654e+00 3.568760841764440084e-01 5.182015233200620852e-02 3.206247052923935081e-01 6.453297964658823160e-02 6.694235552893300634e-01 2.381853472009075601e-01 2.320338396436392170e-01 2.648176702412946004e-01
7.314404217546206788e-02 -2.887518319371631836e+00 2.734960969546634257e-01 1.409139852425419781e-01 4.604958009826807808e-01 9.220587037242675144e-02 4.631045587575230993e-01 5.514114570295579609e-01 3.826310596483826765e-01 4.626501872805976467e-01
3.982690946603260618e-01 -2.762814675707025547e+00 2.636325815212400836e-01 3.178453879616764954e-01 2.809954263795753082e-01 2.251102434108548100e-01 4.612495124671133762e-01 3.261479068582629481e-01 3.652064514677271223e-01 2.461798780114888563e-01
3.242913634293214109e+00 -1.126928759541339975e+00 -8.415689554206673417e-01 -3.531639066580796182e+00 2.088421839522568213e+00 -1.854804207599886290e+00 -1.254711993784094259e+00 8.306285476194328332e-01 -2.667196232254855914e-01 2.712635490165168584e+00
1.107290645154459519e-01 -1.407615085963483281e+00 1.520654530827965645e-01 7.196668086771247641e-02 2.360954088450655797e-01 1.208252955690908154e-01 2.226159542801930125e-01 1.160581446805871025e-01 2.730169499566913460e-01 1.114439241059535374e-01
1.066284166967847447e-01 -7.461487716276616888e-01 2.073764506912732508e-01 3.123249310491876124e-02 1.745477976250986718e-01 1.167779673097988323e-02 1.724174366683810244e-01 4.533935915358516811e-02 -2.566678538957005082e-02 4.411576074498198968e-02
1.872474286159461765e-01 -2.847406460838323827e+00 2.638565168910832481e-01 -6.223038871933509082e-03 4.038863442299001072e-01 4.577362751041105099e-02 4.973905292898370689e-01 6.214444277297411778e-01 2.911104910132475965e-01 4.443989892827364119e-01
2.256309939943972609e-01 -2.649736875091222466e+00 3.009606682891137197e-01 2.184720607372784840e-01 2.681158853885775573e-01 7.915411970379690465e-02 4.329298351619267904e-01 3.489159968625978325e-01 3.098570498042970689e-01 2.889439802272623647e-01
-2.825226172974623640e-02 -8.346032376893635085e-01 1.827771825173487574e-01 4.662976056672217540e-02 1.962326724814225931e-01 3.327438453302094395e-02 2.348405597035036207e-01 4.469422260766526406e-02 -2.841339769261895737e-04 9.983118996663192801e-02
1.634668162104224720e+00 -2.164952033494118577e+00 -2.643074165777889561e+00 -9.016917435255457081e-01 4.315861072658950248e-01 -1.362705975552095383e+00 3.335731033596196049e+00 -2.536704920226450777e-01 -9.095295281092345974e-01 2.581336084817960064e+00
3.829389652387539256e-01 -1.761479068666088610e+00 2.437944682071469249e-01 2.910130959903240999e-01 9.112238141956841009e-02 1.194963325853407726e-01 4.532404517644157416e-01 8.721436846822268329e-02 2.253635593769845458e-01 3.952115116502419312e-02
3.965204610418169850e-01 -3.224101775738840825e+00 1.255111479052547496e-01 2.167692278803051431e-01 3.450880735683961031e-01 1.435656592807819376e-01 4.894511087254615478e-01 5.086714514654363528e-01 4.340521607784477154e-01 5.121447772431553247e-01
7.685593940101627386e-02 -1.047282494062452995e+00 1.213754434232586776e-01 2.118490492624736099e-01 1.387007482629681598e-01 1.467546312872478921e-02 1.736378836781548030e-01 8.933205575880226457e-02 1.348720202750547659e-01 9.480902842895570781e-02
-8.434904369525247914e-02 -1.049780055624585984e+00 8.386103929429965242e-02 8.347146871172368698e-02 2.843233898194714171e-01 3.174726803886252641e-02 2.040408820151580205e-01 1.739643964225576767e-01 1.142025371081870216e-01 1.705886546292343375e-01
1.814694790408918623e-01 -8.575586888270472219e-01 7.052069533627455811e-02 1.200800290099998391e-01 1.514202186283631901e-01 1.183422695617348912e-02 9.903401967687056051e-02 8.820961884496258953e-02 1.797875083181698155e-02 8.918106642161464925e-02
1.099443806369282822e-01 -2.307831074948407668e+00 2.719466232935477956e-01 2.637224236084779738e-01 4.025165564745368241e-01 -3.096022275925770437e-02 1.928446669943696956e-01 3.785111458990363942e-01 4.101266865626713165e-01 2.071514041498182523e-01
7.678195960935373099e-02 -5.525048059498516295e-01 7.399595215760979006e-02 5.782724996419451660e-03 1.619788510301948398e-02 4.242569308597079342e-02 1.636404819571477542e-01 1.836845461570586757e-01 1.093498102070688260e-01 -1.787721090836640048e-02
5.745102265130292568e-02 -1.723337339906236831e+00 -4.734341830004667323e-02 6.478643794457808469e-02 4.270181908166669205e-01 1.906878176847789097e-01 6.466334727855850562e-02 4.321533402735465712e-01 1.702078140839696496e-01 2.605099073502434304e-01
-4.769441975107099191e-02 -1.608912655199511432e+00 8.525094227745043385e-02 2.317875629306507534e-01 1.393179044343027806e-01 1.397567352742183112e-02 2.397736795296667722e-01 2.362855179347451429e-01 2.228308224044015518e-01 2.187031349091886623e-01
1.338261890353551475e-01 -1.760166022202264591e+00 2.015355798500654827e-01 3.677565700414287542e-01 8.307497031011465416e-02 9.040396285235678675e-02 1.162160065504201645e-01 3.163294942496863715e-01 2.107985625186169498e-01 2.187866769552970769e-01
4.779605330383540629e-01 -3.196966461073561305e+00 3.261236262763618221e-01 1.165353242804230138e-01 4.652300564251009019e-01 1.035317566026662528e-01 5.665449579545421832e-01 3.106226341978460259e-01 4.515540329977347223e-01 4.316863436029658163e-01
3.160499207961905421e-01 -1.990006934602171595e+00 4.019952623269777980e-01 1.903424751245972324e-01 1.209922435656705375e-01 9.276262928549668108e-02 5.692895391235681668e-01 3.015674721265679953e-02 2.808289641351744970e-01 -5.443770272664060286e-03
2.345090879341181489e-01 -1.630672191960857997e+00 4.830392417342168482e-02 -7.370866517880646576e-03 2.724091735593206498e-01 1.150585922005599969e-02 1.814866510464486493e-01 3.576929625460584794e-01 1.375502399787005281e-01 3.376347208792343513e-01
9.696790747561265245e-02 -1.027154922956657890e+00 -4.431268515105051681e-02 2.049943961545875881e-01 9.179793840660024906e-02 1.213167523255491015e-01 2.045137013808309007e-02 2.414634867659031792e-01 1.188195992466778012e-01 1.586941955791590919e-01
-8.193796127323197398e-01 -9.984718971820221167e-01 2.317153962061977712e-01 4.087090717432145248e-01 -3.250086096944649339e-01 -1.159610455575156296e+00 9.404205732327957090e-01 3.371196076790073271e+00 -2.620992002918626218e-01 -1.267000323146921792e+00
9.992064405897395363e-02 -1.160909062813392456e+00 2.293003886434555327e-01 1.033224023874052683e-01 1.441072508590275358e-01 -7.619083952582797166e-04 2.457050326322965661e-01 -8.105925164552555545e-03 8.622014425842175478e-02 1.143625614043651123e-01
2.890935294022964896e-01 -1.510307353319837231e+00 5.248180832878525381e-02 2.398103170595806688e-01 4.905328960776970948e-02 5.594402546745493726e-02 1.749982684690133961e-01 2.664538279400400778e-01 2.195679289556768665e-01 2.692668226063222869e-01
3.971293971599713646e-01 -3.165378506268962777e+00 2.913463456379867256e-01 2.058756758058556680e-01 3.248781264239688493e-01 1.501532491419439452e-01 6.067781362520072719e-01 4.707910566155368293e-01 4.099975728996755331e-01 3.086208536013991810e-01
5.009402341638056200e-01 -2.566053725921721096e+00 2.499434327909014486e-01 1.894628053593506445e-01 2.010932507842053962e-01 2.111069681157466682e-01 5.421571347393510099e-01 3.626885676002491454e-01 2.137130763086925178e-01 1.782576001724873460e-01
3.490616104821329113e-01 -2.766719473758035175e+00 2.581617447853448155e-01 3.749695402435868630e-01 1.272266331552416863e-01 1.540242669109161966e-01 4.209551289063798718e-01 4.930828063819183704e-01 3.189908563017198606e-01 2.410922349045773461e-01
1.192082723803759708e-01 -1.983184699314601840e+00 3.005254886322985541e-01 2.389254983897093898e-01 1.737848529276331266e-01 -5.397516807635207442e-02 2.497435709931690173e-01 3.120259840526268813e-01 2.613680393273032920e-01 2.825682656095815370e-01
8.213066609137547464e-03 -2.554231233463593487e+00 2.347445484006112359e-01 2.931888213936336696e-01 3.664389361688494273e-01 6.163143560998281256e-02 3.149581987367525149e-01 3.828878268607058821e-01 4.248095865028551632e-01 3.819993606740758052e-01
4.108444500603222194e-01 -2.125857168219936533e+00 3.134486819833559035e-01 1.317540930091283813e-01 1.344579107520148809e-01 1.208299889148690270e-01 4.757426050511473492e-01 3.113576206750143793e-01 2.617717364694335247e-01 1.846201788356828244e-01
1.580448748238153789e-01 -1.150439295659215322e+00 1.607190665673394470e-01 2.034230310850981827e-02 1.719286381049998924e-01 2.483511368977401809e-02 3.908157389742162313e-01 1.327358559763040791e-01 -1.943890761757777067e-03 1.310169368821295366e-01
-6.778562870248242556e-01 -2.913206759436212767e+00 2.435031533457934216e+00 2.391796127833165919e-01 2.632058429969554858e+00 2.760727269012271945e-01 3.656133745591904738e+00 -7.365799009033108247e-01 -1.298332466188383938e+00 -3.332310526835922992e+00
2.750862246782026510e-01 -1.840084188335352033e+00 2.337484117700601438e-01 8.488980201624328481e-02 2.333808001122220366e-01 1.578511680321792801e-02 4.032178487675184275e-01 2.264638155518639007e-01 1.321205708764525422e-01 2.220365340640975682e-01
8.179460068558049024e-02 -1.519958092861126930e+00 2.412310487307683937e-01 1.756418863517302531e-01 1.233406759605247122e-01 2.925496109277311504e-02 1.360696954199200337e-01 3.541588348082847504e-01 1.748071148909629557e-01 1.705344112678800206e-01
-9.100945946702926337e-02 -3.506005827091996374e-01 -1.254170726411838084e-02 2.729611043442767282e-02 -1.871535458519215378e-01 7.221864155823953801e-02 -9.852955651616608634e-02 6.341958748596188133e-01 -1.140722834902010707e-01 -7.674729336119821832e-02
-5.302962267631178978e-02 -1.831774744210685313e+00 2.370227474931834721e-01 1.647886265436883657e-01 2.337477116344580941e-01 -2.021470391481814191e-02 3.198526936723110059e-01 2.282280594093907544e-01 3.377345723212245021e-01 2.854483293404572186e-01
2.532606455411624768e+00 -3.063138870125186486e+00 -1.927144018334956410e+00 -3.057112971603843654e+00 1.573129354317382322e+00 2.201893710492503597e+00 3.603924283176067611e-01 -2.492603592490328701e+00 1.235950416140738417e+00 2.619477080306516381e+00
2.752011051977733547e-01 -2.448486238631457645e+00 1.625231735318549697e-01 1.462291673429425842e-01 3.828962754426824544e-01 -8.335706626847896959e-04 3.426493143399269026e-01 3.548338165653406873e-01 2.940942843160977982e-01 3.684953231772506999e-01
9.856914107253254495e-03 -2.366739350321528601e+00 2.020979010439099555e-01 1.610272939150670379e-01 3.114999114762843080e-01 5.774356606231437899e-02 3.369083285582694098e-01 4.420249341379574037e-01 3.635233365198664579e-01 4.116458791602304323e-01
3.293626160288983806e-01 -2.303760928065404556e+00 1.547790031547561507e-01 1.787837396218922292e-01 2.494446129689884273e-01 9.078573573840420519e-02 2.719405110424790717e-01 3.414375263141996020e-01 4.020900137247955253e-01 2.140706439749608669e-01
4.238149785887387888e-01 -3.092030266024852647e+00 3.085282470436419011e-01 2.862036424817491209e-01 1.935454077160637942e-01 1.554912257665526099e-01 5.595908772422846233e-01 2.699925769815820220e-01 4.417205825469598390e-01 3.266048556786951274e-01
2.172939586384626809e-01 -1.754216312264886835e+00 6.180472799471384976e-02 1.274332795364381821e-01 2.183465779078298807e-01 9.027835406888908010e-02 2.333418566976330488e-01 2.192602109772418262e-01 1.425381501171140153e-01 2.368999706302153951e-01
3.317815696075597232e-01 -2.513527149601570976e+00 1.935046208204797002e-01 2.612691505655025948e-01 1.206447759682961057e-01 2.528036325860663625e-01 5.403848462226090721e-01 1.478767482816904233e-01 4.749941177285456062e-01 1.758520682230149679e-01
4.230342405869681743e-02 -5.932514540648846646e-01 6.659666052125336189e-02 3.529623354881411112e-03 4.941671340024553216e-02 -8.913862078875870940e-03 5.503132447302861580e-02 1.432508181947527715e-01 -3.299281509731554103e-03 1.826579394308403270e-01
4.672564878562084356e-01 -3.230311195271118763e+00 4.434961723306116155e-01 2.960042900071468974e-01 3.996590019648493808e-01 5.776372386630221345e-02 4.237493746363483749e-01 3.893902563302072406e-01 4.823655670023212494e-01 3.551316504316715528e-01
1.474607665382743904e-01 -1.846195925592198028e+00 2.767682532909092052e-01 2.241343100337634953e-01 2.997487227532660489e-02 1.251717344676051002e-01 1.220761464416845049e-01 3.000390963469575234e-01 3.309648873558033721e-01 1.970717936727318098e-01
4.225257880350249962e-01 -1.901157504171754997e+00 8.582458397658976335e-02 1.969766296218180834e-01 -5.832203598814599682e-02 1.611378693825557817e-01 3.482524704081126909e-01 3.371301229481017958e-01 2.561820875653269547e-01 1.291593951450636657e-01
1.580322516054224191e-01 -8.347600196058635458e-01 1.304760617529432398e-01 6.246965156935566088e-02 7.844697912432423148e-02 1.513916789486987463e-02 2.647708452417060210e-01 5.537441506120097112e-02 1.242190789622403535e-01 8.627422102875094770e-03
1.961866591817978955e-01 -1.011941191444112764e+00 3.791809911383586806e-02 5.164536177603325923e-02 3.373191829957902094e-02 5.370429785174094667e-02 7.756685759543241465e-02 1.896827039899143530e-01 1.739962360380919448e-01 1.524386221808124997e-01
2.051369827094114973e-01 -2.037957271888160005e+00 1.362203080236533415e-01 8.252386131420813564e-02 3.077894646153270242e-01 1.286559582215352285e-02 2.712318541886051815e-01 3.531741190428256405e-01 2.052089049248474739e-01 3.132993642987108585e-01
1.850084213236546093e-01 -3.339910667742450379e+00 2.525620892375876059e-01 2.121535517186753372e-01 1.037967948941538598e-01 -5.919437247459258256e-02 5.287315731373543048e-01 2.506023742307120994e+00 3.205460216087696601e-01 -6.656317690609498960e-01
-9.317920040984308330e-03 -6.024094581398514725e-01 2.748844880873791731e-03 1.178160446535411916e-02 1.388261462254268552e-01 9.173630885555651704e-02 1.301762909641506483e-01 1.971375587634837390e-01 5.744719489044240734e-02 6.267900775984772133e-02
2.821838889042646015e-01 -2.306418692370537649e+00 3.420413588362583024e-01 1.288553757629330027e-02 3.483902819585540933e-01 -3.858619447455679391e-02 5.425428759758267327e-01 2.243799478174003381e-01 2.848746006199356917e-01 3.106695578125328039e-01
1.047117714662406801e-01 -1.551706749183118017e+00 1.719880493047712677e-01 1.210858114397193597e-01 1.374416122627380998e-01 3.404415860841185359e-02 2.629786521008400380e-01 2.894275269353852598e-01 5.162710496360461282e-02 2.461737537863270542e-01
1.496040261036015728e-01 -2.203469944336314601e+00 1.970456545987412655e-01 8.651371669692318675e-03 2.761078811430613400e-01 -2.811961423068460447e-02 4.623267170038384277e-01 5.395433894048684564e-01 2.980760832622863510e-01 3.471556150250464379e-01
3.861565652466033005e-01 -3.339936932793449831e+00 2.980823568419176395e-01 3.444132034904391348e-01 2.730896389647725631e-01 1.879803399144392428e-01 5.969505587146395342e-01 4.399229574470158721e-01 4.924180337333175506e-01 2.691314476352849039e-01
2.188811134752512988e-01 -2.429205626942927410e+00 7.072742738303003374e-02 1.265264460666529478e-01 4.297670520189467713e-01 6.814931240699989567e-02 2.984275180768161118e-01 5.048431046881503015e-01 1.815538771069823698e-01 3.905277162162312798e-01
2.929212819205629925e-01 -2.119761448467260667e+00 3.713199275717738446e-01 2.962004077100591215e-01 1.384351578673266858e-01 1.366980181975256115e-01 3.680857365605897935e-01 3.273985975330991061e-02 3.500932281420799375e-01 9.911397194971216518e-02
4.728604966439253765e-02 -1.134839463377655067e+00 2.095763945631616831e-01 1.091676883835420442e-01 2.896906499049435313e-01 1.606165425102157318e-02 1.418724573801582733e-01 1.036495722422362820e-01 1.809652110000662950e-01 1.062059667089607778e-01
2.888427008837672338e-01 -2.427834747843886642e+00 7.424180280058784165e-02 3.771321042779678945e-01 2.714948447787926544e-01 4.182798393116647639e-02 4.543044971381575148e-01 3.904661855657584613e-01 2.378766958649481955e-01 2.692242009774326039e-01
3.350004468753999265e-01 -2.668351111079929616e+00 5.566933301641804888e-02 3.370663469769603071e-01 2.973082077575362470e-01 1.522305643147487120e-01 3.835125868902585777e-01 4.890966510277868773e-01 2.000651790447189882e-01 3.029672443953830285e-01
5.286775293321263613e-02 -1.561056279201312513e+00 8.845401216917748999e-02 1.710327081894204848e-01 1.558226733564016253e-01 8.615194087936621503e-02 3.210042022467243100e-02 5.156429390856216433e-01 5.222343860145439720e-02 3.049710295951841843e-01
1.930320052105452266e-01 -1.236449448484959523e+00 -1.746397292307956040e+00 -2.851003481863011668e+00 -2.302310513117196145e+00 4.666148701445419711e+00 4.932558517068932780e+00 -4.325803577810496403e-01 -1.001742301897798448e+00 -3.836441196241434648e-01
4.666231324698207755e-02 -1.520058247715180277e+00 2.397900783608710590e-02 1.854156516103510621e-01 3.426456064396537493e-01 1.166040392597846170e-01 -7.478469391327281779e-02 3.874034501060616420e-01 6.100442147754416705e-02 3.312548952476228048e-01
3.264593855811391276e-01 -3.091839209263256283e+00 3.848056271283126217e-01 3.552810513782928004e-01 4.573857444110483450e-01 7.107916559009279378e-02 5.364857695779516877e-01 3.044052400792582880e-01 4.278280759148127554e-01 2.798187407763008117e-01
-3.115945578692686652e-02 -1.514227599424143422e+00 4.515073632638991891e-02 1.883545450509521019e-02 2.606893286884215954e-01 5.217282504664560311e-02 9.035393937716534873e-02 4.741088691153338974e-01 1.971559795317663899e-01 2.797074618287043735e-01
2.537453170885725640e-02 -9.061039873263226907e-01 5.700645823910285154e-02 -1.106629687775754177e-02 8.187814975035237475e-02 1.458951942234378366e-02 3.267938423232475964e-01 9.812503294528140962e-02 1.004267472111090437e-01 9.483583571473801210e-02
8.148760914530811528e-02 -1.443623992839293102e+00 1.576550420816214687e-02 6.088166798833705845e-02 3.279391033469415406e-01 1.079519922101806056e-01 2.261104244233684002e-01 2.161458198004698184e-01 -1.566280686155015547e-02 2.159238770167751231e-01
-2.931391960992640530e-02 -1.871497866394468801e+00 3.037561650389594137e-01 1.912271391171004586e-01 2.431230553359574054e-01 -1.821896055528567093e-02 4.499696132471431853e-01 2.375797502148121465e-01 4.479837321658635685e-01 1.591556414965982491e-01
3.008355645819882351e-01 -2.876135268294737646e+00 2.945332623220024981e-01 3.763853131516112227e-01 2.643209239970303881e-01 1.746774009209225154e-01 5.459401131982538624e-01 3.247685595428659866e-01 3.557380374235209475e-01 2.562456964788877856e-01
8.505088471300360498e-01 -3.470411038756645805e+00 1.392949861208393481e+00 2.390765932585694475e+00 -2.912763885183437651e+00 1.029139690279110120e+00 -5.591446147069623063e-01 -1.222985654290820623e+00 3.520621839282958465e+00 -8.739750161649493254e-01
3.017476872405393529e-01 -3.034805747188883185e+00 2.392247385233532975e-01 2.562506863769989374e-01 3.776982829592088753e-01 2.156529235638746933e-01 6.220442804377327439e-01 2.661965218960091750e-01 4.036052682660086766e-01 4.067371893186648713e-01
4.507941502204162454e-01 -3.343791236527319022e+00 2.977268590124035885e-01 3.078877598078532674e-01 4.565718453759997630e-01 1.701063921896066033e-01 5.338628927623160214e-01 3.260458075442771442e-01 5.596447317808437294e-01 3.619056854795656419e-01
3.556357965490059558e-01 -2.342570899346873681e+00 2.655076895368815304e-01 2.073747239872406611e-01 1.966870088126964067e-01 9.156316181141915811e-02 3.332077353718059798e-01 2.470590584633618747e-01 3.537514193372857108e-01 2.672998722074679256e-01
3.667315883264279930e-01 -2.151402772513944850e+00 2.637013378637497740e-01 2.031737458057748524e-01 2.122644185655401250e-01 6.665889826544769969e-02 5.627656241470959664e-01 1.114641065310004175e-01 1.932287717575667529e-01 1.867452581376494725e-01
1.901437922561966809e-01 -1.349770593158732490e+00 2.251049810656351484e-04 7.148356485764437163e-02 4.044502823413097942e-02 8.926286528659785335e-02 1.763719977862671373e-01 3.519244739781391962e-01 8.628838242548049486e-02 2.309040937652247494e-01
4.394165565437944121e-01 -2.787623180474257278e+00 3.636475531134877315e-01 2.594686480131248585e-01 2.780363842112202333e-01 1.435947102664621167e-01 4.628814876569927184e-01 4.000423251708596917e-01 2.283804167171256949e-01 2.581279418617054566e-01
3.204055958466914822e-01 -1.791168489966423083e+00 8.340246238910933863e-02 1.853034427152858710e-01 9.531599343865403140e-02 1.601945560704055582e-01 4.401298905872995104e-01 1.542467148314825565e-01 2.161370078507308390e-01 6.009121006393197684e-02
3.575023832629055098e-01 -2.561365498128713281e+00 6.366939249556100022e-02 3.982811098053132826e-01 2.220288148570245534e-01 1.408223354817306483e-01 2.645943154793800045e-01 4.890698298721538051e-01 4.264796351816269593e-01 3.479430740253496857e-01
2.376651283467107190e-01 -2.236436063952474296e+00 2.889405683474123299e-01 6.310450640726823768e-02 3.396007555681014312e-01 9.618878008893234910e-02 5.175562690305386404e-01 1.815678229364307561e-01 1.375269687510414229e-01 2.831749177841759169e-01
1.900837261787880206e-01 -2.485033338764743416e+00 1.786066875127245157e-01 2.803484737310541278e-02 5.118908351503749232e-01 1.844684560964192366e-01 5.184227410972678252e-01 3.509219508143283650e-01 3.272916233348492354e-01 3.855044496498796769e-01
4.709795503847571396e-01 -2.524799356339609169e+00 2.874629279732197062e-01 2.544965666628051237e-01 -3.119035031232465002e-03 1.692811657038363338e-01 3.846623783317546508e-01 4.657336846871177882e-01 3.709943186289557104e-01 1.639527153707648344e-01
3.094935077257665590e-01 -2.174945673554440795e+00 2.350437765151626723e-01 1.851777208641356975e-01 1.889080996539764801e-01 1.669804234509968677e-01 2.123695414724998121e-01 2.089460279328475001e-01 3.109415164502092321e-01 2.329425753727239201e-01
1.882320933668958918e-01 -1.722332747653844587e+00 1.939267142639078123e-01 2.832409782579684357e-02 3.892902168853370481e-01 1.294700488024289331e-01 4.085436595836753892e-01 2.100767066435187680e-01 3.256214881898655128e-02 2.493586973639118909e-01
3.214366155327578745e-01 -1.940972975285527147e+00 6.240135706784837033e-02 2.585663896816266516e-01 3.051968739294269595e-01 1.388901188342157866e-01 1.864804908356417212e-01 2.009940187593195482e-01 2.980680539378706695e-01 2.309074261772582626e-01
1.313396582076279406e-01 -1.641666505389280939e+00 1.071556158166481615e-01 3.118256841668249346e-01 8.736837117911333550e-02 1.397390700727658419e-01 1.351771826568565205e-01 2.456974898333905144e-01 2.990687979425818432e-01 2.594039309922819281e-01
1.676892669564627181e-01 -2.785513886958922658e+00 2.254554217094890400e-01 2.032837957766888692e-01 4.377321451253056162e-01 5.314144428303355094e-02 4.223248926930404656e-01 5.286309443518917295e-01 2.966862497706080903e-01 4.161053889287950613e-01
2.266642600213169823e-01 -1.800253743666313300e+00 3.661466277757730037e-01 2.906401932907605179e-01 -2.152124157898416962e-02 1.108462661455641984e-01 2.593807340633184078e-01 9.592226961539837560e-02 2.393595603398925575e-01 5.615691788462610218e-02
2.471910432860768836e-01 -2.713579950440156097e+00 1.851488987164351951e-01 2.255542536551031207e-01 3.395884301453701570e-01 6.391647212089471286e-02 5.150713753594722277e-01 4.528237394330631993e-01 2.466755255217685794e-01 2.777511460924551034e-01
-1.291603943953804345e-01 -7.730285485767710574e-01 -1.000160050491579300e+00 -1.358707441500696778e+00 -2.046719105287462703e+00 2.330764049957498862e+00 1.743618869267396176e+00 2.184698983045857967e-01 -1.993384855225787122e-01 1.281921304571185027e+00
1.344195716053903089e-02 -1.244710450893303566e+00 3.677010740807720029e-02 1.578739062278356267e-02 1.917757136095043224e-01 5.729244372105994632e-02 3.122992731592938442e-01 2.526707461707566327e-01 7.413150032913726206e-02 1.676803854251580628e-01
1.971614301401176106e-01 -9.071540619877025424e-01 9.075449571448657160e-02 1.253191764958368759e-01 1.065082567523295692e-01 2.284363853741773823e-02 2.157531412582529284e-01 7.628411353999731137e-02 3.623725854990279133e-02 6.778853439120713364e-02
3.338815634356804840e-01 -3.306431578631445767e+00 2.252314078473807990e-01 3.163891418945555811e-01 3.475004542368287930e-01 1.818950032762955971e-01 5.098786147944793790e-01 5.160131736091885246e-01 4.568936883092628021e-01 4.571665840259855340e-01
5.186812694244763433e-01 -1.122337384335857058e+00 -2.116599618336845179e-01 3.597035009727062693e+00 -1.506899448969548194e+00 2.992101104490274555e+00 -1.354303470936692344e+00 -7.905341597345025839e-01 -2.668896146190779639e+00 4.270298893214172220e-01
3.637995388208348779e-01 -1.932318378070672305e+00 1.198541209433301863e-01 1.197466942017781782e-01 1.781989946035952843e-01 1.875602894543171861e-01 3.027166669040443070e-01 3.367110524224766199e-01 1.245898684421241631e-01 1.256563350049686723e-01
3.361088002191248147e-01 -2.143649811564569685e+00 1.437906204366935781e-01 2.294584452968794486e-01 1.327886416521737445e-01 2.041987675584789816e-02 3.162944191109672842e-01 3.446341831659486821e-01 1.765116958126451141e-01 2.149689091305047040e-01
5.126679993012250164e-02 -1.823079145146313973e+00 -2.590219980499032515e-02 1.522079180003144128e-01 4.128141652982987853e-01 8.459920919110201776e-02 2.204490329207966226e-01 2.752543757999519336e-01 2.558409794788067959e-01 3.337243473017567075e-01
3.764352599169280000e-01 -2.625779436068173656e+00 2.269449369946225925e-01 1.388419101452727789e-01 3.506503643155841621e-01 9.868896041587066348e-02 5.131629213234440989e-01 3.754729956457788509e-01 2.847838911517770466e-01 2.473531878991993838e-01
6.103061455431627730e-02 -6.833991166194611777e-01 9.007891502503301284e-02 4.602669867681750959e-02 1.095341219085523843e-01 4.843634501372916928e-02 3.255306785575426409e-02 6.855055906464159465e-02 1.968624728927593770e-01 2.147724652405964482e-02
6.228612748792035081e-01 -1.319402925019394601e+00 1.367914693259008496e+00 2.355330315864686552e-01 -2.956729858160515700e+00 3.116085926859129440e+00 -1.221699992442534466e+00 2.260230987493074384e+00 -1.027787961649977211e+00 -1.335982441585411573e+00
7.841239921558443293e-02 -2.238635411747495585e+00 1.823103740399860118e-01 2.614474294353564265e-01 1.876340849233885943e-01 1.075531145312127596e-01 4.019879011607233044e-01 3.509175276101972329e-01 3.299386621646366868e-01 2.405169755684256339e-01
-6.944050048969294120e-02 -9.889771552109762887e-01 6.505757015062801907e-02 -8.701111074467212866e-03 3.116589970620564087e-01 -4.281391142778991771e-02 8.767561695663837751e-02 2.602576881142752430e-01 3.647198730728375138e-02 1.813550379123767820e-01
1.580357061498523230e-01 -2.268095729044252717e+00 3.642318043419775497e-01 3.587703528508993100e-01 2.398877156502135788e-01 5.116857943617333232e-02 5.009525993894177187e-01 1.576353269570823501e-01 3.048666839314290167e-01 1.297765070123964581e-01
3.379182507951573045e-01 -2.750729539227075193e+00 1.122201728770209905e-01 2.232329106662623297e-01 3.238727869025014861e-01 2.668875022484776816e-01 6.492139395925046186e-01 3.143207175426715461e-01 2.529293957697846817e-01 3.011665900961359998e-01
3.434710309090233671e-01 -1.750017687039534309e+00 3.301689129998251065e-02 1.061000995115922718e-01 2.215663178482347728e-01 4.268062892438497652e-02 3.059365586033055417e-01 2.403150210100150064e-01 4.125173386027788935e-02 1.944347029508841085e-01
-5.347756549733085479e-02 -1.499932162676898217e+00 3.062634609483492754e-01 2.213722075343377282e-01 1.147333782365104471e-01 3.859616547602232051e-02 3.436704236605789831e-01 2.003207008073918660e-01 2.122802307674124811e-01 1.711287838723750121e-01
3.558270468557684363e-01 -1.921166061615217524e+00 3.593722562124505946e-03 2.142889583753927463e-01 2.884954714268133658e-01 2.902403604182025171e-02 2.334298081072601339e-01 2.547617080829620573e-01 9.444001923533845710e-02 3.195251464370919003e-01
2.139307385206058454e-01 -2.762673970939724999e+00 4.540501541338112235e-01 3.738232276879946414e-01 3.132595025588676418e-01 1.199872364991207141e-01 5.277926884119232831e-01 2.993197626023621494e-01 2.881742586092073122e-01 3.163740470282294659e-01
3.323678625617055172e-03 -1.491007221668146032e+00 1.675625677645245781e-01 8.054652410145307639e-02 3.200113180836969273e-01 2.288717401963237877e-02 2.586688167989274478e-01 1.577869605323182212e-01 1.300345954179470132e-01 3.009546766089559733e-01
1.018845916346486774e-01 -2.188110991938276850e+00 3.238504526198561495e-02 2.275610744415239028e-01 1.901846515684851024e-01 1.554525820900343192e-01 8.944764897876593401e-02 5.450390898794070793e-01 3.468258197920144337e-01 4.185696206466210101e-01
1.219852567420271899e-01 -2.498448502651550829e+00 2.337861041480299440e-01 1.401420299457936114e-01 2.812350072033433790e-01 1.139121737925292560e-01 5.465562132442572940e-01 3.664975247314925522e-01 3.654654326879711590e-01 2.145127726971281512e-01
3.571994470251053655e-01 -2.383636675346577416e+00 2.827676788046263878e-01 1.532183971759247532e-01 2.886767366023041403e-01 5.717275313695672351e-02 2.898406618840430604e-01 4.916599588868319493e-01 2.642708678521901722e-01 2.200281863173843000e-01
3.549836562039485055e-01 -3.059998768631135402e+00 2.905115573876915769e-01 2.961437685092531691e-01 4.011212611987891030e-01 1.506786986109901749e-01 4.676716799043096340e-01 5.597130092409434710e-01 2.636219534046997381e-01 3.983704189070231827e-01
6.983963040336321759e-02 -1.896241379360932733e+00 2.445640170028778870e-01 3.161619259809502203e-01 2.325417448673787191e-01 6.318425783717901423e-02 2.665976552635074825e-01 1.477989406039288967e-01 3.762778242404573592e-01 1.979856410182005977e-01
-4.931808587224755999e-03 -1.392555899692611954e+00 5.758461001037517429e-02 -1.286981222022875841e-02 3.056312977487791738e-01 -1.209974963235280199e-02 2.336726058548247720e-01 2.159446327392426090e-01 1.694751181305306498e-01 2.450667607006891124e-01
2.418879341192770871e-01 -2.162065474044870594e+00 2.994510857534061210e-01 1.202960179160168785e-01 1.448678500973309413e-01 1.430284895657397450e-02 4.897382905910238615e-01 3.154439923362371001e-01 2.836314009242925649e-01 2.235294962683758435e-01
6.189149608911895944e-02 -1.778950471171571346e+00 2.931486833098404521e-01 2.799392632812548465e-01 1.317900038947755481e-01 9.235648973822026264e-02 2.020792882403874835e-01 2.309497767081564457e-01 3.442892436057309324e-01 5.616199122957870465e-02
3.844776300901119326e-01 -1.846809369315103089e+00 6.642926968054330139e-02 2.117448128415975184e-01 1.594060699700431960e-01 1.784747393283658279e-01 2.709515617208203553e-01 3.000100093234194243e-01 2.033420080441570577e-01 2.660710598031784668e-01
6.399557761097682262e-02 -2.280261245515602386e+00 1.767118909891232936e-01 1.505909102750378481e-01 3.414965678580772490e-01 6.638317258391861209e-02 2.986844733992218281e-01 4.709787410590883239e-01 2.912247800714952151e-01 2.871187975009044657e-01
2.944371218294518089e-01 -9.720574973180999834e-01 -3.552052771748116788e-03 6.893578482599455048e-02 6.494897622681265748e-02 6.223693251664522835e-02 1.175509230315893022e-01 2.156734551820674028e-01 1.279804911914432797e-01 9.432390544279330158e-02
3.177513459629825454e-01 -2.475684092892042720e+00 9.358341073733361659e-02 2.468507430131754998e-01 4.041963494651032440e-01 1.292542414186186595e-01 3.441288605360294794e-01 3.924847707863391988e-01 1.846862298042770689e-01 3.854916239500739139e-01
